% anklebot 
% Date: 2015_12_01_12-06
% Sample frequency = 1000
12240	0	1097	11932	1	0	0	0	714	411	181	525	120	25	67	22	0	0	0	0	0	0
12241	0	1097	11932	1	0	0	0	713	410	197	513	132	30	65	23	0	0	0	0	0	0
12242	0	1097	11932	1	0	0	0	716	417	167	511	117	32	63	40	0	0	0	0	0	0
12243	0	1097	11932	1	0	0	0	715	412	184	522	129	40	64	27	0	0	0	0	0	0
12244	0	1097	11932	1	0	0	0	713	407	173	523	108	37	66	31	0	0	0	0	0	0
12245	0	1097	11932	1	0	0	0	712	413	166	511	91	24	65	25	0	0	0	0	0	0
12246	0	1097	11932	1	0	0	0	714	413	185	510	112	21	63	20	0	0	0	0	0	0
12247	0	1097	11932	1	0	0	0	712	412	192	521	116	20	76	30	0	0	0	0	0	0
12248	0	1097	11932	1	0	0	0	713	412	187	520	112	31	66	38	0	0	0	0	0	0
12249	0	1097	11932	1	0	0	0	713	411	194	522	106	31	52	31	0	0	0	0	0	0
12250	0	1097	11932	1	0	0	0	714	407	180	511	97	32	68	27	0	0	0	0	0	0
12251	0	1097	11932	1	0	0	0	711	414	177	523	98	27	64	36	0	0	0	0	0	0
12252	0	1097	11932	1	0	0	0	711	410	179	517	88	31	57	49	0	0	0	0	0	0
12253	0	1097	11932	1	0	0	0	715	412	181	514	103	36	59	33	0	0	0	0	0	0
12254	0	1097	11932	1	0	0	0	714	405	176	516	96	32	64	31	0	0	0	0	0	0
12255	0	1097	11932	1	0	0	0	712	412	172	519	104	36	59	30	0	0	0	0	0	0
12256	0	1097	11932	1	0	0	0	714	410	177	529	90	25	64	30	0	0	0	0	0	0
12257	0	1097	11932	1	0	0	0	713	410	179	513	111	36	62	30	0	0	0	0	0	0
12258	0	1097	11932	1	0	0	0	713	412	179	519	112	38	59	36	0	0	0	0	0	0
12259	0	1097	11932	1	0	0	0	711	411	180	506	107	27	56	31	0	0	0	0	0	0
12260	0	1097	11932	1	0	0	0	716	411	181	510	113	31	58	47	0	0	0	0	0	0
12261	0	1097	11932	1	0	0	0	711	411	184	519	102	43	47	35	0	0	0	0	0	0
12262	0	1097	11932	1	0	0	0	715	411	197	510	99	27	52	38	0	0	0	0	0	0
12263	0	1097	11932	1	0	0	0	713	412	189	511	97	31	67	24	0	0	0	0	0	0
12264	0	1097	11932	1	0	0	0	713	411	177	527	100	31	50	48	0	0	0	0	0	0
12265	0	1097	11932	1	0	0	0	711	412	182	521	100	19	56	20	0	0	0	0	0	0
12266	0	1097	11932	1	0	0	0	714	411	181	511	101	31	54	22	0	0	0	0	0	0
12267	0	1097	11932	1	0	0	0	713	412	195	529	86	23	60	24	0	0	0	0	0	0
12268	0	1097	11932	1	0	0	0	711	408	200	523	80	38	51	36	0	0	0	0	0	0
12269	0	1097	11932	1	0	0	0	713	412	193	522	80	36	70	26	0	0	0	0	0	0
12270	0	1097	11932	1	0	0	0	711	410	204	514	79	36	53	32	0	0	0	0	0	0
12271	0	1097	11932	1	0	0	0	714	412	212	533	88	29	40	37	0	0	0	0	0	0
12272	0	1097	11932	1	0	0	0	714	413	195	534	65	36	71	31	0	0	0	0	0	0
12273	0	1097	11932	1	0	0	0	710	412	214	531	73	44	58	33	0	0	0	0	0	0
12274	0	1097	11932	1	0	0	0	714	413	205	524	71	29	49	30	0	0	0	0	0	0
12275	0	1097	11932	1	0	0	0	716	412	218	526	97	28	65	23	0	0	0	0	0	0
12276	0	1097	11932	1	0	0	0	711	411	212	525	62	37	45	40	0	0	0	0	0	0
12277	0	1097	11932	1	0	0	0	714	412	211	536	60	33	46	28	0	0	0	0	0	0
12278	0	1097	11932	1	0	0	0	712	414	224	528	76	33	67	34	0	0	0	0	0	0
12279	0	1097	11932	1	0	0	0	712	412	237	525	63	35	61	32	0	0	0	0	0	0
12280	0	1097	11932	1	0	0	0	714	415	217	518	62	49	62	31	0	0	0	0	0	0
12281	0	1097	11932	1	0	0	0	716	416	222	516	69	20	41	28	0	0	0	0	0	0
12282	0	1097	11932	1	0	0	0	711	411	233	533	72	35	55	21	0	0	0	0	0	0
12283	0	1097	11932	1	0	0	0	712	410	235	527	69	45	54	31	0	0	0	0	0	0
12284	0	1097	11932	1	0	0	0	715	415	241	535	72	31	46	35	0	0	0	0	0	0
12285	0	1097	11932	1	0	0	0	711	408	244	527	68	22	51	25	0	0	0	0	0	0
12286	0	1097	11932	1	0	0	0	712	415	226	536	55	34	48	14	0	0	0	0	0	0
12287	0	1097	11932	1	0	0	0	712	415	215	539	51	31	46	27	0	0	0	0	0	0
12288	0	1097	11932	1	0	0	0	711	413	207	535	60	35	49	40	0	0	0	0	0	0
12289	0	1097	11932	1	0	0	0	712	411	212	527	67	18	52	37	0	0	0	0	0	0
12290	0	1097	11932	1	0	0	0	713	412	225	523	61	28	50	23	0	0	0	0	0	0
12291	0	1097	11932	1	0	0	0	712	410	224	523	56	45	52	35	0	0	0	0	0	0
12292	0	1097	11932	1	0	0	0	713	413	252	535	47	37	44	35	0	0	0	0	0	0
12293	0	1097	11932	1	0	0	0	711	410	243	522	77	33	56	30	0	0	0	0	0	0
12294	0	1097	11932	1	0	0	0	711	402	240	530	75	38	59	31	0	0	0	0	0	0
12295	0	1097	11932	1	0	0	0	711	410	244	534	69	40	45	39	0	0	0	0	0	0
12296	0	1097	11932	1	0	0	0	712	409	244	543	63	27	40	36	0	0	0	0	0	0
12297	0	1097	11932	1	0	0	0	714	407	249	530	62	48	69	27	0	0	0	0	0	0
12298	0	1097	11932	1	0	0	0	712	414	257	524	46	40	61	33	0	0	0	0	0	0
12299	0	1097	11932	1	0	0	0	713	410	240	536	48	35	68	19	0	0	0	0	0	0
12300	0	1097	11932	1	0	0	0	711	409	272	539	65	32	52	25	0	0	0	0	0	0
12301	0	1097	11932	1	0	0	0	709	410	268	534	54	38	46	25	0	0	0	0	0	0
12302	0	1097	11932	1	0	0	0	711	413	252	526	49	42	51	27	0	0	0	0	0	0
12303	0	1097	11932	1	0	0	0	711	415	238	537	51	31	42	48	0	0	0	0	0	0
12304	0	1097	11932	1	0	0	0	711	410	251	540	62	15	53	31	0	0	0	0	0	0
12305	0	1097	11932	1	0	0	0	712	414	239	521	61	30	42	25	0	0	0	0	0	0
12306	0	1097	11932	1	0	0	0	713	412	261	538	58	29	41	32	0	0	0	0	0	0
12307	0	1097	11932	1	0	0	0	711	412	271	537	56	32	35	31	0	0	0	0	0	0
12308	0	1097	11932	1	0	0	0	712	415	255	537	38	31	48	48	0	0	0	0	0	0
12309	0	1097	11932	1	0	0	0	711	413	280	534	45	35	38	37	0	0	0	0	0	0
12310	0	1097	11932	1	0	0	0	712	415	278	541	56	40	51	25	0	0	0	0	0	0
12311	0	1097	11932	1	0	0	0	712	414	258	545	53	26	52	31	0	0	0	0	0	0
12312	0	1097	11932	1	0	0	0	711	408	270	538	28	40	41	39	0	0	0	0	0	0
12313	0	1097	11932	1	0	0	0	711	413	280	557	48	29	30	29	0	0	0	0	0	0
12314	0	1097	11932	1	0	0	0	713	415	300	577	43	32	50	31	0	0	0	0	0	0
12315	0	1097	11932	1	0	0	0	712	414	304	548	40	28	49	15	0	0	0	0	0	0
12316	0	1097	11932	1	0	0	0	711	415	339	550	55	41	42	38	0	0	0	0	0	0
12317	0	1097	11932	1	0	0	0	713	412	358	551	56	41	48	22	0	0	0	0	0	0
12318	0	1097	11932	1	0	0	0	709	415	330	560	31	27	44	15	0	0	0	0	0	0
12319	0	1097	11932	1	0	0	0	711	415	243	559	39	29	37	24	0	0	0	0	0	0
12320	0	1097	11932	1	0	0	0	709	413	254	583	23	31	49	38	0	0	0	0	0	0
12321	0	1097	11932	1	0	0	0	711	415	272	577	42	28	30	29	0	0	0	0	0	0
12322	0	1097	11932	1	0	0	0	711	405	328	612	46	49	43	44	0	0	0	0	0	0
12323	0	1097	11932	1	0	0	0	713	415	347	564	33	24	48	31	0	0	0	0	0	0
12324	0	1097	11932	1	0	0	0	712	411	247	569	48	33	46	31	0	0	0	0	0	0
12325	0	1097	11932	1	0	0	0	709	411	257	599	58	27	45	11	0	0	0	0	0	0
12326	0	1097	11932	1	0	0	0	709	412	240	591	40	22	39	34	0	0	0	0	0	0
12327	0	1097	11932	1	0	0	0	711	412	281	603	53	38	42	38	0	0	0	0	0	0
12328	0	1097	11932	1	0	0	0	710	413	300	556	32	23	40	37	0	0	0	0	0	0
12329	0	1097	11932	1	0	0	0	710	413	310	576	38	25	64	31	0	0	0	0	0	0
12330	0	1097	11932	1	0	0	0	712	413	305	604	74	35	43	24	0	0	0	0	0	0
12331	0	1097	11932	2	0	0	0	714	415	480	580	30	15	53	40	0	0	0	0	0	0
12332	0	1097	11932	3	0	0	0	714	413	353	561	96	34	55	34	0	0	0	0	0	0
12333	0	1097	11932	3	0	0	0	712	415	519	589	7	26	59	31	0	0	0	0	0	0
12334	0	1097	11932	3	0	0	0	711	411	469	613	52	56	40	27	0	0	0	0	0	0
12335	0	1097	11932	3	0	0	0	711	415	588	618	57	50	42	22	0	0	0	0	0	0
12336	0	1097	11932	3	0	0	0	711	412	554	609	68	35	35	35	0	0	0	0	0	0
12337	0	1097	11932	3	0	0	0	713	405	602	610	37	50	34	27	0	0	0	0	0	0
12338	0	1097	11932	3	0	0	0	711	415	424	590	42	36	17	8	0	0	0	0	0	0
12339	0	1097	11932	3	0	0	0	712	415	547	627	42	30	44	18	0	0	0	0	0	0
12340	0	1097	11932	3	0	0	0	711	415	559	629	42	52	48	36	0	0	0	0	0	0
12341	0	1097	11932	3	0	0	0	713	415	599	608	46	49	57	22	0	0	0	0	0	0
12342	0	1097	11932	3	0	0	0	712	415	632	617	42	27	42	20	0	0	0	0	0	0
12343	0	1097	11932	3	0	0	0	710	411	645	615	55	41	44	30	0	0	0	0	0	0
12344	0	1097	11932	3	0	0	0	714	415	691	637	34	45	38	31	0	0	0	0	0	0
12345	0	1097	11932	3	0	0	0	712	415	671	629	26	39	39	16	0	0	0	0	0	0
12346	0	1097	11932	3	0	0	0	712	415	659	625	46	53	64	12	0	0	0	0	0	0
12347	0	1097	11932	3	0	0	0	714	416	706	639	48	47	45	15	0	0	0	0	0	0
12348	0	1097	11932	3	0	0	0	712	415	697	633	38	51	61	17	0	0	0	0	0	0
12349	0	1097	11932	3	0	0	0	711	416	704	638	40	39	48	32	0	0	0	0	0	0
12350	0	1097	11932	3	0	0	0	712	413	697	630	45	46	41	19	0	0	0	0	0	0
12351	0	1097	11932	3	0	0	0	713	411	713	636	21	57	46	36	0	0	0	0	0	0
12352	0	1097	11932	3	0	0	0	712	415	754	645	24	59	49	22	0	0	0	0	0	0
12353	0	1097	11932	3	0	0	0	711	413	760	656	28	42	48	29	0	0	0	0	0	0
12354	0	1097	11932	3	0	0	0	713	415	749	641	24	31	28	22	0	0	0	0	0	0
12355	0	1097	11932	3	0	0	0	711	415	754	655	23	56	39	25	0	0	0	0	0	0
12356	0	1097	11932	3	0	0	0	712	415	750	656	10	41	31	29	0	0	0	0	0	0
12357	0	1097	11932	3	0	0	0	712	408	775	655	19	31	38	22	0	0	0	0	0	0
12358	0	1097	11932	3	0	0	0	711	411	785	654	21	50	29	37	0	0	0	0	0	0
12359	0	1097	11932	3	0	0	0	712	415	775	656	17	39	35	29	0	0	0	0	0	0
12360	0	1097	11932	3	0	0	0	714	420	786	665	31	77	33	32	0	0	0	0	0	0
12361	0	1097	11932	3	0	0	0	712	412	770	661	32	50	31	27	0	0	0	0	0	0
12362	0	1097	11932	3	0	0	0	711	413	771	666	30	96	44	24	0	0	0	0	0	0
12363	0	1097	11932	3	0	0	0	711	413	762	664	11	64	39	24	0	0	0	0	0	0
12364	0	1097	11932	3	0	0	0	711	412	796	658	10	92	51	27	0	0	0	0	0	0
12365	0	1097	11932	3	0	0	0	711	415	805	651	15	59	48	31	0	0	0	0	0	0
12366	0	1097	11932	3	0	0	0	712	419	794	660	20	60	37	23	0	0	0	0	0	0
12367	0	1097	11932	3	0	0	0	711	413	806	669	22	67	40	35	0	0	0	0	0	0
12368	0	1097	11932	3	0	0	0	713	415	804	676	10	59	48	29	0	0	0	0	0	0
12369	0	1097	11932	3	0	0	0	709	414	821	665	27	55	46	32	0	0	0	0	0	0
12370	0	1097	11932	3	0	0	0	711	415	821	668	10	62	38	28	0	0	0	0	0	0
12371	0	1097	11932	3	0	0	0	711	415	816	675	22	75	36	33	0	0	0	0	0	0
12372	0	1097	11932	3	0	0	0	712	415	807	664	21	55	30	27	0	0	0	0	0	0
12373	0	1097	11932	3	0	0	0	712	415	817	672	16	68	40	28	0	0	0	0	0	0
12374	0	1097	11932	3	0	0	0	712	406	811	664	20	58	39	29	0	0	0	0	0	0
12375	0	1097	11932	3	0	0	0	711	418	805	677	32	64	48	40	0	0	0	0	0	0
12376	0	1097	11932	3	0	0	0	710	413	802	663	18	71	41	25	0	0	0	0	0	0
12377	0	1097	11932	3	0	0	0	709	420	805	667	23	50	49	31	0	0	0	0	0	0
12378	0	1097	11932	3	0	0	0	709	414	814	673	24	46	47	15	0	0	0	0	0	0
12379	0	1097	11932	3	0	0	0	710	415	808	682	23	54	47	27	0	0	0	0	0	0
12380	0	1097	11932	3	0	0	0	711	416	806	671	25	64	46	18	0	0	0	0	0	0
12381	0	1097	11932	3	0	0	0	709	419	805	673	31	57	39	35	0	0	0	0	0	0
12382	0	1097	11932	3	0	0	0	708	415	806	674	11	55	39	24	0	0	0	0	0	0
12383	0	1097	11932	3	0	0	0	709	413	809	672	15	64	46	29	0	0	0	0	0	0
12384	0	1097	11932	3	0	0	0	710	414	824	673	24	66	35	29	0	0	0	0	0	0
12385	0	1097	11932	3	0	0	0	710	416	817	666	28	58	33	31	0	0	0	0	0	0
12386	0	1097	11932	3	0	0	0	710	413	808	674	21	79	35	34	0	0	0	0	0	0
12387	0	1097	11932	3	0	0	0	711	419	813	672	9	79	38	35	0	0	0	0	0	0
12388	0	1097	11932	3	0	0	0	711	415	820	670	19	61	39	35	0	0	0	0	0	0
12389	0	1097	11932	3	0	0	0	709	417	816	670	14	65	48	30	0	0	0	0	0	0
12390	0	1097	11932	3	0	0	0	712	417	819	674	24	58	39	26	0	0	0	0	0	0
12391	0	1097	11932	3	0	0	0	710	421	803	668	20	76	37	33	0	0	0	0	0	0
12392	0	1097	11932	3	0	0	0	712	420	823	671	11	71	15	28	0	0	0	0	0	0
12393	0	1097	11932	3	0	0	0	710	417	813	676	11	54	41	19	0	0	0	0	0	0
12394	0	1097	11932	3	0	0	0	708	414	806	671	4	92	27	39	0	0	0	0	0	0
12395	0	1097	11932	3	0	0	0	711	416	807	663	2	66	35	16	0	0	0	0	0	0
12396	0	1097	11932	3	0	0	0	708	415	807	683	4	100	43	30	0	0	0	0	0	0
12397	0	1097	11932	3	0	0	0	709	419	803	675	14	66	44	30	0	0	0	0	0	0
12398	0	1097	11932	3	0	0	0	708	415	811	668	16	92	49	38	0	0	0	0	0	0
12399	0	1097	11932	3	0	0	0	710	415	803	671	12	64	53	27	0	0	0	0	0	0
12400	0	1097	11932	3	0	0	0	711	414	817	660	14	83	28	22	0	0	0	0	0	0
12401	0	1097	11932	3	0	0	0	708	414	811	681	12	79	45	31	0	0	0	0	0	0
12402	0	1097	11932	3	0	0	0	712	418	819	684	8	63	42	38	0	0	0	0	0	0
12403	0	1097	11932	3	0	0	0	710	417	807	676	2	67	39	38	0	0	0	0	0	0
12404	0	1097	11932	3	0	0	0	708	419	813	668	2	67	41	28	0	0	0	0	0	0
12405	0	1097	11932	3	0	0	0	709	415	813	670	8	64	52	22	0	0	0	0	0	0
12406	0	1097	11932	3	0	0	0	708	409	816	671	10	64	45	38	0	0	0	0	0	0
12407	0	1097	11932	3	0	0	0	708	415	816	663	17	60	28	30	0	0	0	0	0	0
12408	0	1097	11932	3	0	0	0	706	415	815	679	0	66	44	23	0	0	0	0	0	0
12409	0	1097	11932	3	0	0	0	709	413	808	676	6	55	41	31	0	0	0	0	0	0
12410	0	1097	11932	3	0	0	0	708	415	810	675	13	67	45	35	0	0	0	0	0	0
12411	0	1097	11932	3	0	0	0	707	415	822	669	8	52	39	26	0	0	0	0	0	0
12412	0	1097	11932	3	0	0	0	709	417	818	676	10	60	34	27	0	0	0	0	0	0
12413	0	1097	11932	3	0	0	0	708	415	807	675	17	77	38	43	0	0	0	0	0	0
12414	0	1097	11932	3	0	0	0	708	415	822	668	14	64	38	30	0	0	0	0	0	0
12415	0	1097	11932	3	0	0	0	709	415	817	665	16	68	50	27	0	0	0	0	0	0
12416	0	1097	11932	3	0	0	0	708	415	819	675	6	61	34	32	0	0	0	0	0	0
12417	0	1097	11932	3	0	0	0	706	415	811	678	6	55	48	40	0	0	0	0	0	0
12418	0	1097	11932	3	0	0	0	705	414	820	668	13	57	56	31	0	0	0	0	0	0
12419	0	1097	11932	3	0	0	0	707	412	822	670	16	64	54	32	0	0	0	0	0	0
12420	0	1097	11932	3	0	0	0	708	417	799	671	12	56	46	26	0	0	0	0	0	0
12421	0	1097	11932	3	0	0	0	705	414	824	671	17	60	30	33	0	0	0	0	0	0
12422	0	1097	11932	3	0	0	0	707	414	817	667	17	64	43	40	0	0	0	0	0	0
12423	0	1097	11932	3	0	0	0	708	415	813	670	12	56	40	31	0	0	0	0	0	0
12424	0	1097	11932	3	0	0	0	708	420	806	684	14	58	44	42	0	0	0	0	0	0
12425	0	1097	11932	3	0	0	0	708	415	823	666	9	58	38	43	0	0	0	0	0	0
12426	0	1097	11932	3	0	0	0	707	412	816	669	24	50	44	44	0	0	0	0	0	0
12427	0	1097	11932	3	0	0	0	708	415	819	681	8	60	48	37	0	0	0	0	0	0
12428	0	1097	11932	3	0	0	0	708	415	809	664	1	52	48	44	0	0	0	0	0	0
12429	0	1097	11932	3	0	0	0	707	415	816	679	13	58	60	56	0	0	0	0	0	0
12430	0	1097	11932	3	0	0	0	706	411	808	676	14	62	54	37	0	0	0	0	0	0
12431	0	1097	11932	3	0	0	0	707	415	808	680	10	48	39	48	0	0	0	0	0	0
12432	0	1097	11932	3	0	0	0	709	415	817	671	24	56	45	35	0	0	0	0	0	0
12433	0	1097	11932	3	0	0	0	706	414	820	680	12	47	54	42	0	0	0	0	0	0
12434	0	1097	11932	3	0	0	0	708	415	812	666	13	53	52	39	0	0	0	0	0	0
12435	0	1097	11932	3	0	0	0	710	413	812	680	0	46	37	26	0	0	0	0	0	0
12436	0	1097	11932	3	0	0	0	706	415	799	679	9	33	49	27	0	0	0	0	0	0
12437	0	1097	11932	3	0	0	0	707	415	810	678	8	52	50	34	0	0	0	0	0	0
12438	0	1097	11932	3	0	0	0	710	415	817	667	16	40	37	31	0	0	0	0	0	0
12439	0	1097	11932	3	0	0	0	707	419	808	689	6	35	51	28	0	0	0	0	0	0
12440	0	1097	11932	3	0	0	0	705	414	820	664	8	53	35	34	0	0	0	0	0	0
12441	0	1097	11932	3	0	0	0	707	414	821	668	21	48	38	22	0	0	0	0	0	0
12442	0	1097	11932	3	0	0	0	708	421	814	684	5	50	42	44	0	0	0	0	0	0
12443	0	1097	11932	3	0	0	0	706	415	814	684	10	44	53	39	0	0	0	0	0	0
12444	0	1097	11932	3	0	0	0	707	412	817	678	13	46	49	33	0	0	0	0	0	0
12445	0	1097	11932	3	0	0	0	705	415	814	679	11	46	48	31	0	0	0	0	0	0
12446	0	1097	11932	3	0	0	0	704	413	818	676	3	49	55	36	0	0	0	0	0	0
12447	0	1097	11932	3	0	0	0	705	415	816	681	8	33	52	25	0	0	0	0	0	0
12448	0	1097	11932	3	0	0	0	705	413	820	671	9	46	48	27	0	0	0	0	0	0
12449	0	1097	11932	3	0	0	0	705	415	814	671	3	43	56	39	0	0	0	0	0	0
12450	0	1097	11932	3	0	0	0	707	413	815	672	9	31	53	35	0	0	0	0	0	0
12451	0	1097	11932	3	0	0	0	704	415	799	688	0	46	39	35	0	0	0	0	0	0
12452	0	1097	11932	3	0	0	0	704	412	820	676	11	38	53	33	0	0	0	0	0	0
12453	0	1097	11932	3	0	0	0	704	414	810	670	11	36	41	23	0	0	0	0	0	0
12454	0	1097	11932	3	0	0	0	706	415	816	675	3	56	55	42	0	0	0	0	0	0
12455	0	1097	11932	3	0	0	0	706	415	815	673	9	35	51	46	0	0	0	0	0	0
12456	0	1097	11932	3	0	0	0	704	408	819	679	13	27	49	14	0	0	0	0	0	0
12457	0	1097	11932	3	0	0	0	705	413	824	680	11	46	48	26	0	0	0	0	0	0
12458	0	1097	11932	3	0	0	0	703	413	817	678	13	37	44	31	0	0	0	0	0	0
12459	0	1097	11932	3	0	0	0	706	415	834	690	6	44	47	35	0	0	0	0	0	0
12460	0	1097	11932	3	0	0	0	707	412	832	671	16	24	41	31	0	0	0	0	0	0
12461	0	1097	11932	3	0	0	0	704	415	815	689	2	30	48	42	0	0	0	0	0	0
12462	0	1097	11932	3	0	0	0	706	413	824	671	13	28	41	56	0	0	0	0	0	0
12463	0	1097	11932	3	0	0	0	705	415	824	679	11	52	38	47	0	0	0	0	0	0
12464	0	1097	11932	3	0	0	0	705	413	849	684	13	34	27	51	0	0	0	0	0	0
12465	0	1097	11932	3	0	0	0	706	414	814	684	10	38	49	52	0	0	0	0	0	0
12466	0	1097	11932	3	0	0	0	707	414	832	683	2	35	53	65	0	0	0	0	0	0
12467	0	1097	11932	3	0	0	0	705	415	830	696	0	30	41	60	0	0	0	0	0	0
12468	0	1097	11932	3	0	0	0	706	415	847	692	3	44	45	68	0	0	0	0	0	0
12469	0	1097	11932	3	0	0	0	704	415	843	701	11	41	48	77	0	0	0	0	0	0
12470	0	1097	11932	3	0	0	0	706	415	882	700	12	33	37	63	0	0	0	0	0	0
12471	0	1097	11932	3	0	0	0	705	415	917	696	9	30	47	98	0	0	0	0	0	0
12472	0	1097	11932	3	0	0	0	706	415	892	701	2	30	48	96	0	0	0	0	0	0
12473	0	1097	11932	3	0	0	0	706	415	992	715	5	41	37	79	0	0	0	0	0	0
12474	0	1097	11932	3	0	0	0	706	413	1160	762	15	32	49	93	0	0	0	0	0	0
12475	0	1097	11932	3	0	0	0	706	415	1105	758	8	24	40	99	0	0	0	0	0	0
12476	0	1097	11932	3	0	0	0	706	417	1563	872	3	38	60	107	0	0	0	0	0	0
12477	0	1097	11932	3	0	0	0	705	415	1224	799	11	22	51	102	0	0	0	0	0	0
12478	0	1097	11932	3	0	0	0	705	415	2126	1008	11	24	39	116	0	0	0	0	0	0
12479	0	1097	11932	3	0	0	0	706	419	2096	997	13	16	40	116	0	0	0	0	0	0
12480	0	1097	11932	3	0	0	0	705	413	1574	897	3	19	66	101	0	0	0	0	0	0
12481	0	1097	11932	3	0	0	0	704	415	1500	859	11	29	38	147	0	0	0	0	0	0
12482	0	1097	11932	3	0	0	0	704	414	1713	917	11	41	35	152	0	0	0	0	0	0
12483	0	1097	11932	3	0	0	0	706	417	1559	904	15	28	40	119	0	0	0	0	0	0
12484	0	1097	11932	3	0	0	0	705	414	1751	927	16	16	42	149	0	0	0	0	0	0
12485	0	1097	11932	3	0	0	0	704	415	1279	808	20	21	45	141	0	0	0	0	0	0
12486	0	1097	11932	3	0	0	0	704	415	1930	965	3	19	49	147	0	0	0	0	0	0
12487	0	1097	11932	3	0	0	0	705	414	1283	794	8	17	45	155	0	0	0	0	0	0
12488	0	1097	11932	3	0	0	0	705	416	1540	859	9	29	52	156	0	0	0	0	0	0
12489	0	1097	11932	3	0	0	0	705	415	1261	802	22	22	42	167	0	0	0	0	0	0
12490	0	1097	11932	3	0	0	0	704	414	1205	768	24	19	43	165	0	0	0	0	0	0
12491	0	1097	11932	3	0	0	0	704	415	1212	780	19	15	52	187	0	0	0	0	0	0
12492	0	1097	11932	3	0	0	0	705	415	1098	740	24	19	51	172	0	0	0	0	0	0
12493	0	1097	11932	3	0	0	0	705	410	1191	764	14	19	39	181	0	0	0	0	0	0
12494	0	1097	11932	3	0	0	0	705	412	1111	738	23	26	56	188	0	0	0	0	0	0
12495	0	1097	11932	3	0	0	0	704	415	1043	721	12	22	51	185	0	0	0	0	0	0
12496	0	1097	11932	3	0	0	0	704	422	958	705	4	31	52	189	0	0	0	0	0	0
12497	0	1097	11932	3	0	0	0	704	415	1010	732	4	25	46	207	0	0	0	0	0	0
12498	0	1097	11932	3	0	0	0	705	421	944	705	13	24	56	187	0	0	0	0	0	0
12499	0	1097	11932	3	0	0	0	703	415	878	685	16	31	44	216	0	0	0	0	0	0
12500	0	1097	11932	3	0	0	0	706	414	867	673	21	36	54	225	0	0	0	0	0	0
12501	0	1097	11932	3	0	0	0	704	412	867	679	29	21	47	219	0	0	0	0	0	0
12502	0	1097	11932	3	0	0	0	707	416	833	671	9	27	45	222	0	0	0	0	0	0
12503	0	1097	11932	3	0	0	0	704	417	841	674	7	24	56	228	0	0	0	0	0	0
12504	0	1097	11932	3	0	0	0	704	415	848	684	15	14	64	248	0	0	0	0	0	0
12505	0	1097	11932	3	0	0	0	705	415	832	665	7	36	63	253	0	0	0	0	0	0
12506	0	1097	11932	3	0	0	0	705	418	835	665	8	28	42	255	0	0	0	0	0	0
12507	0	1097	11932	3	0	0	0	704	414	812	665	9	28	54	273	0	0	0	0	0	0
12508	0	1097	11932	3	0	0	0	705	415	811	667	16	24	67	282	0	0	0	0	0	0
12509	0	1097	11932	3	0	0	0	705	415	829	679	17	14	50	288	0	0	0	0	0	0
12510	0	1097	11932	3	0	0	0	704	414	815	666	5	24	54	295	0	0	0	0	0	0
12511	0	1097	11932	3	0	0	0	704	415	798	659	7	31	44	327	0	0	0	0	0	0
12512	0	1097	11932	3	0	0	0	704	414	810	666	7	48	52	308	0	0	0	0	0	0
12513	0	1097	11932	3	0	0	0	704	414	803	664	6	23	59	316	0	0	0	0	0	0
12514	0	1097	11932	3	0	0	0	704	416	803	672	7	22	54	343	0	0	0	0	0	0
12515	0	1097	11932	3	0	0	0	704	415	799	666	18	20	66	339	0	0	0	0	0	0
12516	0	1097	11932	3	0	0	0	704	412	814	659	7	32	61	357	0	0	0	0	0	0
12517	0	1097	11932	3	0	0	0	702	415	799	660	12	26	47	345	0	0	0	0	0	0
12518	0	1097	11932	3	0	0	0	705	415	799	660	2	23	53	356	0	0	0	0	0	0
12519	0	1097	11932	3	0	0	0	705	411	805	648	14	27	66	344	0	0	0	0	0	0
12520	0	1097	11932	3	0	0	0	702	417	799	652	10	21	63	357	0	0	0	0	0	0
12521	0	1097	11932	3	0	0	0	705	413	798	660	7	15	81	363	0	0	0	0	0	0
12522	0	1097	11932	3	0	0	0	706	414	800	659	11	20	49	371	0	0	0	0	0	0
12523	0	1097	11932	3	0	0	0	704	415	799	652	20	26	64	366	0	0	0	0	0	0
12524	0	1097	11932	3	0	0	0	704	412	797	646	12	27	63	350	0	0	0	0	0	0
12525	0	1097	11932	3	0	0	0	704	412	805	650	19	27	55	367	0	0	0	0	0	0
12526	0	1097	11932	3	0	0	0	701	415	798	650	14	26	61	366	0	0	0	0	0	0
12527	0	1097	11932	3	0	0	0	705	411	801	640	24	30	61	374	0	0	0	0	0	0
12528	0	1097	11932	3	0	0	0	705	412	793	629	15	28	67	383	0	0	0	0	0	0
12529	0	1097	11932	3	0	0	0	702	415	801	640	10	24	71	352	0	0	0	0	0	0
12530	0	1097	11932	3	0	0	0	706	413	804	637	16	15	64	351	0	0	0	0	0	0
12531	0	1097	11932	3	0	0	0	704	415	804	625	8	24	65	345	0	0	0	0	0	0
12532	0	1097	11932	3	0	0	0	704	414	792	624	7	13	72	346	0	0	0	0	0	0
12533	0	1097	11932	3	0	0	0	704	414	812	608	9	29	44	340	0	0	0	0	0	0
12534	0	1097	11932	3	0	0	0	704	418	803	591	25	29	65	359	0	0	0	0	0	0
12535	0	1097	11932	3	0	0	0	705	414	817	608	7	14	62	327	0	0	0	0	0	0
12536	0	1097	11932	3	0	0	0	702	415	811	592	10	29	55	345	0	0	0	0	0	0
12537	0	1097	11932	3	0	0	0	705	415	791	564	16	17	69	350	0	0	0	0	0	0
12538	0	1097	11932	3	0	0	0	704	413	797	531	0	11	60	322	0	0	0	0	0	0
12539	0	1097	11932	3	0	0	0	701	413	797	550	3	17	80	316	0	0	0	0	0	0
12540	0	1097	11932	3	0	0	0	705	411	804	522	6	13	59	312	0	0	0	0	0	0
12541	0	1097	11932	3	0	0	0	704	414	799	520	14	5	77	330	0	0	0	0	0	0
12542	0	1097	11932	3	0	0	0	707	413	809	492	20	19	72	353	0	0	0	0	0	0
12543	0	1097	11932	3	0	0	0	705	408	797	458	17	13	52	336	0	0	0	0	0	0
12544	0	1097	11932	3	0	0	0	704	413	799	471	17	9	63	335	0	0	0	0	0	0
12545	0	1097	11932	3	0	0	0	704	415	797	485	8	18	59	321	0	0	0	0	0	0
12546	0	1097	11932	3	0	0	0	704	418	783	452	3	20	60	335	0	0	0	0	0	0
12547	0	1097	11932	3	0	0	0	704	414	794	407	16	28	72	309	0	0	0	0	0	0
12548	0	1097	11932	3	0	0	0	704	415	792	399	6	13	71	301	0	0	0	0	0	0
12549	0	1097	11932	3	0	0	0	704	415	787	388	15	25	68	286	0	0	0	0	0	0
12550	0	1097	11932	3	0	0	0	704	413	784	356	3	9	51	294	0	0	0	0	0	0
12551	0	1097	11932	3	0	0	0	704	419	786	332	1	8	86	304	0	0	0	0	0	0
12552	0	1097	11932	3	0	0	0	704	415	790	344	24	18	83	300	0	0	0	0	0	0
12553	0	1097	11932	3	0	0	0	704	413	782	327	0	30	67	304	0	0	0	0	0	0
12554	0	1097	11932	3	0	0	0	705	411	784	309	6	25	74	303	0	0	0	0	0	0
12555	0	1097	11932	3	0	0	0	704	415	779	304	16	12	83	255	0	0	0	0	0	0
12556	0	1097	11932	3	0	0	0	704	415	776	286	11	13	80	301	0	0	0	0	0	0
12557	0	1097	11932	3	0	0	0	703	413	778	300	7	2	85	271	0	0	0	0	0	0
12558	0	1097	11932	3	0	0	0	704	415	779	265	4	4	62	263	0	0	0	0	0	0
12559	0	1097	11932	3	0	0	0	704	415	771	297	13	6	87	280	0	0	0	0	0	0
12560	0	1097	11932	3	0	0	0	704	413	777	292	20	15	82	272	0	0	0	0	0	0
12561	0	1097	11932	3	0	0	0	706	415	775	275	0	20	96	262	0	0	0	0	0	0
12562	0	1097	11932	3	0	0	0	704	412	770	266	5	32	88	254	0	0	0	0	0	0
12563	0	1097	11932	3	0	0	0	701	414	772	265	8	24	75	255	0	0	0	0	0	0
12564	0	1097	11932	3	0	0	0	704	415	767	252	0	20	84	255	0	0	0	0	0	0
12565	0	1097	11932	3	0	0	0	704	415	738	269	6	12	109	242	0	0	0	0	0	0
12566	0	1097	11932	3	0	0	0	704	416	730	249	14	20	102	238	0	0	0	0	0	0
12567	0	1097	11932	3	0	0	0	704	410	708	258	11	25	102	242	0	0	0	0	0	0
12568	0	1097	11932	3	0	0	0	704	413	650	255	10	10	116	245	0	0	0	0	0	0
12569	0	1097	11932	3	0	0	0	703	415	686	241	4	12	120	245	0	0	0	0	0	0
12570	0	1097	11932	3	0	0	0	702	415	598	263	6	6	126	235	0	0	0	0	0	0
12571	0	1097	11932	3	0	0	0	704	417	575	260	16	6	125	241	0	0	0	0	0	0
12572	0	1097	11932	3	0	0	0	703	413	586	270	14	22	127	248	0	0	0	0	0	0
12573	0	1097	11932	3	0	0	0	702	414	451	265	16	14	127	216	0	0	0	0	0	0
12574	0	1097	11932	3	0	0	0	698	415	399	240	3	12	124	216	0	0	0	0	0	0
12575	0	1097	11932	3	0	0	0	704	410	413	231	24	20	126	237	0	0	0	0	0	0
12576	0	1097	11932	3	0	0	0	704	411	383	231	15	11	121	216	0	0	0	0	0	0
12577	0	1097	11932	3	0	0	0	704	415	394	229	8	24	112	215	0	0	0	0	0	0
12578	0	1097	11932	3	0	0	0	704	413	346	223	14	22	137	234	0	0	0	0	0	0
12579	0	1097	11932	3	0	0	0	706	413	378	250	14	21	144	207	0	0	0	0	0	0
12580	0	1097	11932	3	0	0	0	704	412	300	254	8	18	123	224	0	0	0	0	0	0
12581	0	1097	11932	3	0	0	0	700	414	259	238	4	10	138	211	0	0	0	0	0	0
12582	0	1097	11932	3	0	0	0	704	413	211	233	3	10	135	199	0	0	0	0	0	0
12583	0	1097	11932	3	0	0	0	701	413	242	229	7	10	142	184	0	0	0	0	0	0
12584	0	1097	11932	3	0	0	0	702	415	220	262	8	22	138	184	0	0	0	0	0	0
12585	0	1097	11932	3	0	0	0	704	413	189	227	0	18	137	186	0	0	0	0	0	0
12586	0	1097	11932	3	0	0	0	704	413	174	218	0	9	140	187	0	0	0	0	0	0
12587	0	1097	11932	3	0	0	0	704	411	156	198	3	8	155	195	0	0	0	0	0	0
12588	0	1097	11932	3	0	0	0	700	415	142	236	0	14	149	184	0	0	0	0	0	0
12589	0	1097	11932	3	0	0	0	701	404	163	210	24	18	144	192	0	0	0	0	0	0
12590	0	1097	11932	3	0	0	0	702	409	161	229	11	21	161	180	0	0	0	0	0	0
12591	0	1097	11932	3	0	0	0	704	411	136	231	11	19	146	194	0	0	0	0	0	0
12592	0	1097	11932	3	0	0	0	703	412	119	236	10	20	139	180	0	0	0	0	0	0
12593	0	1097	11932	3	0	0	0	704	412	124	229	11	22	147	174	0	0	0	0	0	0
12594	0	1097	11932	3	0	0	0	703	411	111	224	16	8	151	183	0	0	0	0	0	0
12595	0	1097	11932	3	0	0	0	702	413	116	231	8	24	150	176	0	0	0	0	0	0
12596	0	1097	11932	3	0	0	0	702	413	86	228	4	4	165	174	0	0	0	0	0	0
12597	0	1097	11932	3	0	0	0	704	409	96	232	6	5	176	188	0	0	0	0	0	0
12598	0	1097	11932	3	0	0	0	700	413	99	240	0	16	159	184	0	0	0	0	0	0
12599	0	1097	11932	3	0	0	0	704	403	90	224	11	16	180	167	0	0	0	0	0	0
12600	0	1097	11932	3	0	0	0	699	409	84	213	8	20	167	162	0	0	0	0	0	0
12601	0	1097	11932	3	0	0	0	702	430	64	205	29	24	159	184	0	0	0	0	0	0
12602	0	1097	11932	3	0	0	0	704	408	70	183	15	16	159	135	0	0	0	0	0	0
12603	0	1097	11932	3	0	0	0	702	405	59	183	18	19	175	139	0	0	0	0	0	0
12604	0	1097	11932	3	0	0	0	701	410	55	180	12	24	170	168	0	0	0	0	0	0
12605	0	1097	11932	3	0	0	0	703	413	48	159	7	11	163	150	0	0	0	0	0	0
12606	0	1097	11932	3	0	0	0	701	409	48	169	20	19	178	163	0	0	0	0	0	0
12607	0	1097	11932	3	0	0	0	699	411	46	172	0	19	179	156	0	0	0	0	0	0
12608	0	1097	11932	3	0	0	0	700	410	49	169	3	22	186	176	0	0	0	0	0	0
12609	0	1097	11932	3	0	0	0	701	409	49	165	16	22	180	159	0	0	0	0	0	0
12610	0	1097	11932	3	0	0	0	700	409	51	171	24	16	187	168	0	0	0	0	0	0
12611	0	1097	11932	3	0	0	0	704	406	47	172	11	11	204	164	0	0	0	0	0	0
12612	0	1097	11932	3	0	0	0	704	407	48	200	10	4	182	151	0	0	0	0	0	0
12613	0	1097	11932	3	0	0	0	704	408	36	192	23	13	180	148	0	0	0	0	0	0
12614	0	1097	11932	3	0	0	0	701	408	44	195	20	6	195	131	0	0	0	0	0	0
12615	0	1097	11932	3	0	0	0	700	408	36	185	15	10	186	148	0	0	0	0	0	0
12616	0	1097	11932	3	0	0	0	700	407	36	167	15	16	193	157	0	0	0	0	0	0
12617	0	1097	11932	3	0	0	0	698	405	33	197	8	14	181	149	0	0	0	0	0	0
12618	0	1097	11932	3	0	0	0	700	407	23	191	16	10	192	136	0	0	0	0	0	0
12619	0	1097	11932	3	0	0	0	698	412	19	199	3	28	179	135	0	0	0	0	0	0
12620	0	1097	11932	3	0	0	0	700	407	39	197	7	17	200	142	0	0	0	0	0	0
12621	0	1097	11932	3	0	0	0	698	409	23	207	12	6	199	143	0	0	0	0	0	0
12622	0	1097	11932	3	0	0	0	696	409	23	184	20	16	189	137	0	0	0	0	0	0
12623	0	1097	11932	3	0	0	0	697	403	32	184	12	10	216	126	0	0	0	0	0	0
12624	0	1097	11932	3	0	0	0	702	404	33	194	15	24	194	137	0	0	0	0	0	0
12625	0	1097	11932	3	0	0	0	700	413	25	190	14	19	190	133	0	0	0	0	0	0
12626	0	1097	11932	3	0	0	0	700	406	30	195	15	12	194	114	0	0	0	0	0	0
12627	0	1097	11932	3	0	0	0	700	408	33	190	23	22	185	132	0	0	0	0	0	0
12628	0	1097	11932	3	0	0	0	700	401	28	187	14	16	199	138	0	0	0	0	0	0
12629	0	1097	11932	3	0	0	0	697	408	37	172	24	21	206	145	0	0	0	0	0	0
12630	0	1097	11932	3	0	0	0	697	407	38	180	17	10	201	116	0	0	0	0	0	0
12631	0	1097	11932	3	0	0	0	697	413	33	183	24	19	215	132	0	0	0	0	0	0
12632	0	1097	11932	3	0	0	0	698	403	28	192	22	19	199	115	0	0	0	0	0	0
12633	0	1097	11932	3	0	0	0	695	407	34	202	10	28	205	112	0	0	0	0	0	0
12634	0	1097	11932	3	0	0	0	698	403	26	175	13	28	202	127	0	0	0	0	0	0
12635	0	1097	11932	3	0	0	0	698	404	44	182	19	18	206	116	0	0	0	0	0	0
12636	0	1097	11932	3	0	0	0	699	405	36	184	18	19	206	112	0	0	0	0	0	0
12637	0	1097	11932	3	0	0	0	698	405	16	177	15	19	205	104	0	0	0	0	0	0
12638	0	1097	11932	3	0	0	0	698	403	30	167	15	9	201	79	0	0	0	0	0	0
12639	0	1097	11932	3	0	0	0	697	399	34	167	19	27	216	100	0	0	0	0	0	0
12640	0	1097	11932	3	0	0	0	698	401	25	174	24	30	205	112	0	0	0	0	0	0
12641	0	1097	11932	3	0	0	0	699	405	29	172	17	24	208	104	0	0	0	0	0	0
12642	0	1097	11932	3	0	0	0	696	407	30	185	20	30	231	102	0	0	0	0	0	0
12643	0	1097	11932	3	0	0	0	697	402	39	176	17	32	203	113	0	0	0	0	0	0
12644	0	1097	11932	3	0	0	0	698	405	31	157	16	29	192	112	0	0	0	0	0	0
12645	0	1097	11932	3	0	0	0	697	404	22	169	4	20	206	120	0	0	0	0	0	0
12646	0	1097	11932	3	0	0	0	698	407	24	174	21	30	205	97	0	0	0	0	0	0
12647	0	1097	11932	3	0	0	0	697	399	30	179	25	35	206	96	0	0	0	0	0	0
12648	0	1097	11932	3	0	0	0	695	404	18	167	24	44	207	100	0	0	0	0	0	0
12649	0	1097	11932	3	0	0	0	696	405	30	171	10	27	225	110	0	0	0	0	0	0
12650	0	1097	11932	3	0	0	0	696	413	27	173	17	31	228	110	0	0	0	0	0	0
12651	0	1097	11932	3	0	0	0	698	407	24	176	2	31	220	108	0	0	0	0	0	0
12652	0	1097	11932	3	0	0	0	698	405	25	176	4	45	223	107	0	0	0	0	0	0
12653	0	1097	11932	3	0	0	0	696	401	44	162	13	33	229	108	0	0	0	0	0	0
12654	0	1097	11932	3	0	0	0	697	406	29	176	13	34	232	98	0	0	0	0	0	0
12655	0	1097	11932	3	0	0	0	699	402	31	184	17	39	210	108	0	0	0	0	0	0
12656	0	1097	11932	3	0	0	0	696	405	34	170	6	42	234	100	0	0	0	0	0	0
12657	0	1097	11932	3	0	0	0	696	403	27	183	14	42	218	97	0	0	0	0	0	0
12658	0	1097	11932	3	0	0	0	700	398	36	185	13	39	207	100	0	0	0	0	0	0
12659	0	1097	11932	3	0	0	0	697	398	44	174	14	36	217	90	0	0	0	0	0	0
12660	0	1097	11932	3	0	0	0	696	406	34	171	24	35	222	80	0	0	0	0	0	0
12661	0	1097	11932	3	0	0	0	697	399	32	172	21	48	218	90	0	0	0	0	0	0
12662	0	1097	11932	3	0	0	0	696	403	23	193	10	56	221	103	0	0	0	0	0	0
12663	0	1097	11932	3	0	0	0	697	403	39	177	9	43	225	89	0	0	0	0	0	0
12664	0	1097	11932	3	0	0	0	696	401	31	172	21	42	204	77	0	0	0	0	0	0
12665	0	1097	11932	3	0	0	0	695	402	31	172	22	43	219	94	0	0	0	0	0	0
12666	0	1097	11932	3	0	0	0	700	399	30	163	17	56	224	85	0	0	0	0	0	0
12667	0	1097	11932	3	0	0	0	696	405	28	176	18	52	236	79	0	0	0	0	0	0
12668	0	1097	11932	3	0	0	0	696	399	31	171	16	48	228	86	0	0	0	0	0	0
12669	0	1097	11932	3	0	0	0	698	407	25	176	10	35	228	88	0	0	0	0	0	0
12670	0	1097	11932	3	0	0	0	698	402	24	184	10	31	223	74	0	0	0	0	0	0
12671	0	1097	11932	3	0	0	0	698	404	28	172	1	56	231	96	0	0	0	0	0	0
12672	0	1097	11932	3	0	0	0	695	402	33	164	13	51	227	76	0	0	0	0	0	0
12673	0	1097	11932	3	0	0	0	696	403	15	182	11	45	224	67	0	0	0	0	0	0
12674	0	1097	11932	3	0	0	0	695	403	20	168	15	52	240	65	0	0	0	0	0	0
12675	0	1097	11932	3	0	0	0	697	404	24	164	15	50	233	69	0	0	0	0	0	0
12676	0	1097	11932	3	0	0	0	696	402	28	154	25	48	224	62	0	0	0	0	0	0
12677	0	1097	11932	3	0	0	0	696	401	20	158	11	46	227	77	0	0	0	0	0	0
12678	0	1097	11932	3	0	0	0	696	396	15	154	12	52	228	66	0	0	0	0	0	0
12679	0	1097	11932	3	0	0	0	697	403	11	143	8	48	238	67	0	0	0	0	0	0
12680	0	1097	11932	3	0	0	0	695	399	27	140	22	38	229	49	0	0	0	0	0	0
12681	0	1097	11932	3	0	0	0	695	401	14	153	11	48	249	54	0	0	0	0	0	0
12682	0	1097	11932	3	0	0	0	695	402	22	159	17	41	252	47	0	0	0	0	0	0
12683	0	1097	11932	3	0	0	0	695	404	12	148	12	43	232	48	0	0	0	0	0	0
12684	0	1097	11932	3	0	0	0	695	401	24	147	2	56	255	57	0	0	0	0	0	0
12685	0	1097	11932	3	0	0	0	696	405	20	159	1	48	266	50	0	0	0	0	0	0
12686	0	1097	11932	3	0	0	0	694	403	24	169	14	48	243	49	0	0	0	0	0	0
12687	0	1097	11932	3	0	0	0	698	400	15	155	4	37	246	38	0	0	0	0	0	0
12688	0	1097	11932	3	0	0	0	696	399	26	156	7	48	253	64	0	0	0	0	0	0
12689	0	1097	11932	3	0	0	0	697	399	15	159	12	66	256	47	0	0	0	0	0	0
12690	0	1097	11932	3	0	0	0	694	399	14	159	2	35	277	53	0	0	0	0	0	0
12691	0	1097	11932	3	0	0	0	691	404	20	162	15	59	261	46	0	0	0	0	0	0
12692	0	1097	11932	3	0	0	0	695	405	10	176	7	59	264	63	0	0	0	0	0	0
12693	0	1097	11932	3	0	0	0	696	404	13	177	12	50	250	56	0	0	0	0	0	0
12694	0	1097	11932	3	0	0	0	694	399	15	177	15	51	263	55	0	0	0	0	0	0
12695	0	1097	11932	3	0	0	0	695	404	20	166	6	38	266	47	0	0	0	0	0	0
12696	0	1097	11932	3	0	0	0	694	394	15	171	9	63	271	44	0	0	0	0	0	0
12697	0	1097	11932	3	0	0	0	696	398	36	158	19	55	267	45	0	0	0	0	0	0
12698	0	1097	11932	3	0	0	0	696	400	21	166	18	47	263	30	0	0	0	0	0	0
12699	0	1097	11932	3	0	0	0	695	401	27	161	7	42	264	38	0	0	0	0	0	0
12700	0	1097	11932	3	0	0	0	696	403	23	176	13	58	276	36	0	0	0	0	0	0
12701	0	1097	11932	3	0	0	0	696	404	24	178	18	51	265	38	0	0	0	0	0	0
12702	0	1097	11932	3	0	0	0	694	404	28	179	11	51	281	31	0	0	0	0	0	0
12703	0	1097	11932	3	0	0	0	696	404	19	177	13	56	277	47	0	0	0	0	0	0
12704	0	1097	11932	3	0	0	0	695	400	28	164	13	56	281	27	0	0	0	0	0	0
12705	0	1097	11932	3	0	0	0	691	400	24	164	3	48	289	38	0	0	0	0	0	0
12706	0	1097	11932	3	0	0	0	696	400	25	159	17	56	292	20	0	0	0	0	0	0
12707	0	1097	11932	3	0	0	0	691	399	24	158	18	49	290	27	0	0	0	0	0	0
12708	0	1097	11932	3	0	0	0	695	398	14	159	17	57	285	35	0	0	0	0	0	0
12709	0	1097	11932	3	0	0	0	695	400	20	159	23	51	272	44	0	0	0	0	0	0
12710	0	1097	11932	3	0	0	0	694	403	16	168	0	54	271	31	0	0	0	0	0	0
12711	0	1097	11932	3	0	0	0	693	398	24	150	26	67	286	41	0	0	0	0	0	0
12712	0	1097	11932	3	0	0	0	695	407	21	152	15	58	286	35	0	0	0	0	0	0
12713	0	1097	11932	3	0	0	0	691	400	18	150	15	61	293	31	0	0	0	0	0	0
12714	0	1097	11932	3	0	0	0	691	405	29	153	2	56	280	32	0	0	0	0	0	0
12715	0	1097	11932	3	0	0	0	691	401	26	133	19	62	298	43	0	0	0	0	0	0
12716	0	1097	11932	3	0	0	0	691	401	36	142	20	68	304	34	0	0	0	0	0	0
12717	0	1097	11932	3	0	0	0	691	399	22	141	24	67	304	40	0	0	0	0	0	0
12718	0	1097	11932	3	0	0	0	694	403	24	136	12	67	312	21	0	0	0	0	0	0
12719	0	1097	11932	3	0	0	0	693	402	29	137	15	56	310	31	0	0	0	0	0	0
12720	0	1097	11932	3	0	0	0	697	391	25	110	13	41	302	22	0	0	0	0	0	0
12721	0	1097	11932	3	0	0	0	696	399	31	125	10	45	296	21	0	0	0	0	0	0
12722	0	1097	11932	3	0	0	0	692	400	28	140	23	36	295	26	0	0	0	0	0	0
12723	0	1097	11932	3	0	0	0	696	400	15	133	13	76	302	39	0	0	0	0	0	0
12724	0	1097	11932	3	0	0	0	693	398	25	123	20	63	311	30	0	0	0	0	0	0
12725	0	1097	11932	3	0	0	0	696	399	22	143	20	65	312	48	0	0	0	0	0	0
12726	0	1097	11932	3	0	0	0	691	399	30	143	18	75	318	27	0	0	0	0	0	0
12727	0	1097	11932	3	0	0	0	694	399	25	142	2	57	329	22	0	0	0	0	0	0
12728	0	1097	11932	3	0	0	0	693	399	30	139	28	69	306	44	0	0	0	0	0	0
12729	0	1097	11932	3	0	0	0	693	399	24	136	15	71	295	39	0	0	0	0	0	0
12730	0	1097	11932	3	0	0	0	695	401	33	136	13	72	318	15	0	0	0	0	0	0
12731	0	1097	11932	3	0	0	0	692	398	30	137	17	71	323	41	0	0	0	0	0	0
12732	0	1097	11932	3	0	0	0	694	403	19	117	12	65	332	29	0	0	0	0	0	0
12733	0	1097	11932	3	0	0	0	695	395	31	112	15	80	312	36	0	0	0	0	0	0
12734	0	1097	11932	3	0	0	0	693	402	33	119	25	72	314	37	0	0	0	0	0	0
12735	0	1097	11932	3	0	0	0	694	399	32	135	12	66	329	18	0	0	0	0	0	0
12736	0	1097	11932	3	0	0	0	694	398	32	140	11	59	336	30	0	0	0	0	0	0
12737	0	1097	11932	3	0	0	0	693	400	28	132	16	66	330	31	0	0	0	0	0	0
12738	0	1097	11932	3	0	0	0	693	404	28	136	16	70	334	33	0	0	0	0	0	0
12739	0	1097	11932	3	0	0	0	694	395	23	123	13	74	344	25	0	0	0	0	0	0
12740	0	1097	11932	3	0	0	0	693	398	27	143	20	58	352	26	0	0	0	0	0	0
12741	0	1097	11932	3	0	0	0	693	395	20	130	21	72	356	38	0	0	0	0	0	0
12742	0	1097	11932	3	0	0	0	691	395	27	127	15	65	357	15	0	0	0	0	0	0
12743	0	1097	11932	3	0	0	0	694	398	29	139	28	67	361	24	0	0	0	0	0	0
12744	0	1097	11932	3	0	0	0	693	391	24	136	7	68	346	21	0	0	0	0	0	0
12745	0	1097	11932	3	0	0	0	694	398	20	132	25	60	371	20	0	0	0	0	0	0
12746	0	1097	11932	3	0	0	0	693	396	32	130	23	58	355	27	0	0	0	0	0	0
12747	0	1097	11932	3	0	0	0	693	393	29	126	24	52	372	23	0	0	0	0	0	0
12748	0	1097	11932	3	0	0	0	694	398	19	127	21	48	372	19	0	0	0	0	0	0
12749	0	1097	11932	3	0	0	0	689	398	36	123	19	56	368	24	0	0	0	0	0	0
12750	0	1097	11932	3	0	0	0	691	399	24	126	15	62	365	11	0	0	0	0	0	0
12751	0	1097	11932	3	0	0	0	693	399	30	130	23	56	358	16	0	0	0	0	0	0
12752	0	1097	11932	3	0	0	0	694	400	27	119	9	54	376	39	0	0	0	0	0	0
12753	0	1097	11932	3	0	0	0	696	398	21	135	15	69	376	15	0	0	0	0	0	0
12754	0	1097	11932	3	0	0	0	691	399	37	136	2	73	367	25	0	0	0	0	0	0
12755	0	1097	11932	3	0	0	0	693	395	30	118	24	56	386	26	0	0	0	0	0	0
12756	0	1097	11932	3	0	0	0	692	397	26	123	24	63	390	27	0	0	0	0	0	0
12757	0	1097	11932	3	0	0	0	694	404	22	125	21	66	403	15	0	0	0	0	0	0
12758	0	1097	11932	3	0	0	0	691	396	26	122	22	51	399	15	0	0	0	0	0	0
12759	0	1097	11932	3	0	0	0	694	404	19	128	12	53	391	18	0	0	0	0	0	0
12760	0	1097	11932	3	0	0	0	692	399	15	133	11	69	395	23	0	0	0	0	0	0
12761	0	1097	11932	3	0	0	0	694	399	27	123	16	61	396	29	0	0	0	0	0	0
12762	0	1097	11932	3	0	0	0	692	402	25	133	15	56	391	23	0	0	0	0	0	0
12763	0	1097	11932	3	0	0	0	693	399	30	118	27	65	393	18	0	0	0	0	0	0
12764	0	1097	11932	3	0	0	0	693	400	20	124	22	68	391	35	0	0	0	0	0	0
12765	0	1097	11932	3	0	0	0	692	397	18	128	15	64	389	31	0	0	0	0	0	0
12766	0	1097	11932	3	0	0	0	693	401	32	129	7	62	401	22	0	0	0	0	0	0
12767	0	1097	11932	3	0	0	0	692	397	17	117	21	68	395	48	0	0	0	0	0	0
12768	0	1097	11932	3	0	0	0	692	397	28	119	21	60	410	37	0	0	0	0	0	0
12769	0	1097	11932	3	0	0	0	690	401	27	121	10	76	410	46	0	0	0	0	0	0
12770	0	1097	11932	3	0	0	0	693	399	29	113	16	54	411	35	0	0	0	0	0	0
12771	0	1097	11932	3	0	0	0	696	400	24	133	23	63	416	36	0	0	0	0	0	0
12772	0	1097	11932	3	0	0	0	692	399	29	132	14	62	426	18	0	0	0	0	0	0
12773	0	1097	11932	3	0	0	0	691	395	31	115	12	54	423	25	0	0	0	0	0	0
12774	0	1097	11932	3	0	0	0	693	395	25	124	28	66	415	24	0	0	0	0	0	0
12775	0	1097	11932	3	0	0	0	693	398	26	124	15	71	429	24	0	0	0	0	0	0
12776	0	1097	11932	3	0	0	0	692	394	38	126	16	58	435	23	0	0	0	0	0	0
12777	0	1097	11932	3	0	0	0	693	398	33	134	19	75	423	30	0	0	0	0	0	0
12778	0	1097	11932	3	0	0	0	696	399	16	140	21	79	417	24	0	0	0	0	0	0
12779	0	1097	11932	3	0	0	0	691	398	29	135	20	77	422	36	0	0	0	0	0	0
12780	0	1097	11932	3	0	0	0	692	396	21	132	24	79	423	35	0	0	0	0	0	0
12781	0	1097	11932	3	0	0	0	689	396	22	106	27	71	410	36	0	0	0	0	0	0
12782	0	1097	11932	3	0	0	0	693	393	34	117	15	65	435	24	0	0	0	0	0	0
12783	0	1097	11932	3	0	0	0	692	399	35	119	27	76	440	28	0	0	0	0	0	0
12784	0	1097	11932	3	0	0	0	691	395	34	117	5	92	435	25	0	0	0	0	0	0
12785	0	1097	11932	3	0	0	0	692	399	34	125	17	66	450	7	0	0	0	0	0	0
12786	0	1097	11932	3	0	0	0	692	397	29	128	18	71	435	25	0	0	0	0	0	0
12787	0	1097	11932	3	0	0	0	691	399	27	115	18	75	457	29	0	0	0	0	0	0
12788	0	1097	11932	3	0	0	0	692	396	27	126	15	87	448	45	0	0	0	0	0	0
12789	0	1097	11932	3	0	0	0	691	391	30	132	21	92	448	38	0	0	0	0	0	0
12790	0	1097	11932	3	0	0	0	693	395	26	127	18	88	440	31	0	0	0	0	0	0
12791	0	1097	11932	3	0	0	0	691	397	21	126	25	80	452	27	0	0	0	0	0	0
12792	0	1097	11932	3	0	0	0	692	399	30	124	22	97	465	31	0	0	0	0	0	0
12793	0	1097	11932	3	0	0	0	691	399	36	110	15	79	464	44	0	0	0	0	0	0
12794	0	1097	11932	3	0	0	0	691	400	24	127	24	92	455	44	0	0	0	0	0	0
12795	0	1097	11932	3	0	0	0	692	402	19	112	2	79	476	31	0	0	0	0	0	0
12796	0	1097	11932	3	0	0	0	691	397	36	122	19	86	455	41	0	0	0	0	0	0
12797	0	1097	11932	3	0	0	0	692	395	24	120	30	86	455	31	0	0	0	0	0	0
12798	0	1097	11932	3	0	0	0	691	400	26	127	24	66	471	39	0	0	0	0	0	0
12799	0	1097	11932	3	0	0	0	696	399	31	121	18	81	460	36	0	0	0	0	0	0
12800	0	1097	11932	3	0	0	0	691	401	24	125	23	86	479	39	0	0	0	0	0	0
12801	0	1097	11932	3	0	0	0	693	396	38	131	28	80	474	31	0	0	0	0	0	0
12802	0	1097	11932	3	0	0	0	691	399	18	135	3	88	486	27	0	0	0	0	0	0
12803	0	1097	11932	3	0	0	0	691	400	18	147	16	64	481	23	0	0	0	0	0	0
12804	0	1097	11932	3	0	0	0	692	397	22	127	15	79	491	27	0	0	0	0	0	0
12805	0	1097	11932	3	0	0	0	691	400	37	124	2	87	496	32	0	0	0	0	0	0
12806	0	1097	11932	3	0	0	0	692	400	22	135	11	80	497	40	0	0	0	0	0	0
12807	0	1097	11932	3	0	0	0	690	399	25	136	10	88	498	31	0	0	0	0	0	0
12808	0	1097	11932	3	0	0	0	691	403	23	127	11	87	511	37	0	0	0	0	0	0
12809	0	1097	11932	3	0	0	0	691	400	28	126	19	83	501	41	0	0	0	0	0	0
12810	0	1097	11932	3	0	0	0	691	401	31	121	15	83	520	33	0	0	0	0	0	0
12811	0	1097	11932	3	0	0	0	693	398	26	123	33	79	514	43	0	0	0	0	0	0
12812	0	1097	11932	3	0	0	0	691	396	14	137	17	84	535	38	0	0	0	0	0	0
12813	0	1097	11932	3	0	0	0	694	401	34	128	7	96	533	46	0	0	0	0	0	0
12814	0	1097	11932	3	0	0	0	694	400	27	121	24	100	507	36	0	0	0	0	0	0
12815	0	1097	11932	3	0	0	0	691	397	29	124	26	85	532	26	0	0	0	0	0	0
12816	0	1097	11932	3	0	0	0	691	401	31	126	33	82	547	31	0	0	0	0	0	0
12817	0	1097	11932	3	0	0	0	691	397	30	124	22	88	553	52	0	0	0	0	0	0
12818	0	1097	11932	3	0	0	0	691	401	24	125	18	108	567	43	0	0	0	0	0	0
12819	0	1097	11932	3	0	0	0	691	400	30	119	25	96	580	35	0	0	0	0	0	0
12820	0	1097	11932	3	0	0	0	692	399	26	119	16	116	543	60	0	0	0	0	0	0
12821	0	1097	11932	3	0	0	0	689	404	19	115	20	92	543	34	0	0	0	0	0	0
12822	0	1097	11932	3	0	0	0	691	397	34	99	15	103	584	40	0	0	0	0	0	0
12823	0	1097	11932	3	0	0	0	694	399	20	121	14	110	565	40	0	0	0	0	0	0
12824	0	1097	11932	3	0	0	0	692	400	26	105	24	96	556	41	0	0	0	0	0	0
12825	0	1097	11932	3	0	0	0	691	399	27	125	22	87	561	41	0	0	0	0	0	0
12826	0	1097	11932	3	0	0	0	692	399	23	129	20	113	556	47	0	0	0	0	0	0
12827	0	1097	11932	3	0	0	0	691	401	14	115	28	92	556	35	0	0	0	0	0	0
12828	0	1097	11932	3	0	0	0	691	396	30	129	24	102	585	39	0	0	0	0	0	0
12829	0	1097	11932	3	0	0	0	691	396	20	119	26	89	582	38	0	0	0	0	0	0
12830	0	1097	11932	3	0	0	0	691	396	37	122	22	105	586	52	0	0	0	0	0	0
12831	0	1097	11932	3	0	0	0	692	398	30	111	28	105	573	38	0	0	0	0	0	0
12832	0	1097	11932	3	0	0	0	692	400	26	115	24	116	574	38	0	0	0	0	0	0
12833	0	1097	11932	3	0	0	0	691	397	15	113	28	87	570	32	0	0	0	0	0	0
12834	0	1097	11932	3	0	0	0	691	396	19	105	22	98	567	31	0	0	0	0	0	0
12835	0	1097	11932	3	0	0	0	691	400	28	124	18	108	556	30	0	0	0	0	0	0
12836	0	1097	11932	3	0	0	0	691	401	24	127	25	106	588	31	0	0	0	0	0	0
12837	0	1097	11932	3	0	0	0	691	396	34	119	25	92	590	38	0	0	0	0	0	0
12838	0	1097	11932	3	0	0	0	691	399	28	112	23	102	591	28	0	0	0	0	0	0
12839	0	1097	11932	3	0	0	0	693	396	33	103	17	100	600	19	0	0	0	0	0	0
12840	0	1097	11932	3	0	0	0	687	397	28	115	18	79	600	38	0	0	0	0	0	0
12841	0	1097	11932	3	0	0	0	694	400	24	112	18	134	583	31	0	0	0	0	0	0
12842	0	1097	11932	3	0	0	0	694	400	18	128	14	78	624	48	0	0	0	0	0	0
12843	0	1097	11932	3	0	0	0	691	395	22	119	18	101	615	35	0	0	0	0	0	0
12844	0	1097	11932	3	0	0	0	690	395	31	108	23	124	642	44	0	0	0	0	0	0
12845	0	1097	11932	3	0	0	0	692	398	37	122	28	113	620	45	0	0	0	0	0	0
12846	0	1097	11932	3	0	0	0	692	396	23	112	25	102	636	31	0	0	0	0	0	0
12847	0	1097	11932	3	0	0	0	694	398	23	114	27	99	636	30	0	0	0	0	0	0
12848	0	1097	11932	3	0	0	0	690	398	29	98	22	126	666	45	0	0	0	0	0	0
12849	0	1097	11932	3	0	0	0	691	392	31	99	29	116	685	23	0	0	0	0	0	0
12850	0	1097	11932	3	0	0	0	692	390	32	101	31	120	669	52	0	0	0	0	0	0
12851	0	1097	11932	3	0	0	0	689	398	20	97	29	96	664	44	0	0	0	0	0	0
12852	0	1097	11932	3	0	0	0	692	396	25	98	23	112	671	43	0	0	0	0	0	0
12853	0	1097	11932	3	0	0	0	691	399	28	87	23	102	684	42	0	0	0	0	0	0
12854	0	1097	11932	3	0	0	0	693	398	31	103	33	90	691	34	0	0	0	0	0	0
12855	0	1097	11932	3	0	0	0	691	394	29	97	27	130	688	30	0	0	0	0	0	0
12856	0	1097	11932	3	0	0	0	692	399	27	109	27	105	700	38	0	0	0	0	0	0
12857	0	1097	11932	3	0	0	0	692	395	25	104	36	109	707	32	0	0	0	0	0	0
12858	0	1097	11932	3	0	0	0	690	396	20	93	18	114	689	36	0	0	0	0	0	0
12859	0	1097	11932	3	0	0	0	692	395	14	98	24	107	704	23	0	0	0	0	0	0
12860	0	1097	11932	3	0	0	0	692	395	24	94	37	106	704	35	0	0	0	0	0	0
12861	0	1097	11932	3	0	0	0	692	396	34	97	19	113	691	21	0	0	0	0	0	0
12862	0	1097	11932	3	0	0	0	692	391	23	108	28	114	707	36	0	0	0	0	0	0
12863	0	1097	11932	3	0	0	0	691	390	29	91	25	104	725	33	0	0	0	0	0	0
12864	0	1097	11932	3	0	0	0	692	395	29	108	24	103	717	23	0	0	0	0	0	0
12865	0	1097	11932	3	0	0	0	692	395	17	107	35	120	714	22	0	0	0	0	0	0
12866	0	1097	11932	3	0	0	0	691	397	21	99	21	120	705	27	0	0	0	0	0	0
12867	0	1097	11932	3	0	0	0	689	394	30	99	24	135	711	31	0	0	0	0	0	0
12868	0	1097	11932	3	0	0	0	692	395	24	96	41	120	719	40	0	0	0	0	0	0
12869	0	1097	11932	3	0	0	0	692	395	27	84	28	103	723	30	0	0	0	0	0	0
12870	0	1097	11932	3	0	0	0	691	398	25	88	18	127	744	39	0	0	0	0	0	0
12871	0	1097	11932	3	0	0	0	691	399	26	108	24	141	738	43	0	0	0	0	0	0
12872	0	1097	11932	3	0	0	0	688	396	26	99	9	140	738	23	0	0	0	0	0	0
12873	0	1097	11932	3	0	0	0	691	399	24	92	15	143	746	35	0	0	0	0	0	0
12874	0	1097	11932	3	0	0	0	690	396	23	91	22	161	768	41	0	0	0	0	0	0
12875	0	1097	11932	3	0	0	0	691	397	28	96	28	159	756	26	0	0	0	0	0	0
12876	0	1097	11932	3	0	0	0	691	397	26	88	12	161	793	37	0	0	0	0	0	0
12877	0	1097	11932	3	0	0	0	691	393	18	100	22	152	792	31	0	0	0	0	0	0
12878	0	1097	11932	3	0	0	0	692	397	25	95	15	152	804	30	0	0	0	0	0	0
12879	0	1097	11932	3	0	0	0	691	400	23	99	13	162	797	27	0	0	0	0	0	0
12880	0	1097	11932	3	0	0	0	691	399	15	91	19	177	794	31	0	0	0	0	0	0
12881	0	1097	11932	3	0	0	0	689	399	32	98	20	170	826	19	0	0	0	0	0	0
12882	0	1097	11932	3	0	0	0	690	396	15	93	11	175	798	30	0	0	0	0	0	0
12883	0	1097	11932	3	0	0	0	691	399	19	100	15	204	813	40	0	0	0	0	0	0
12884	0	1097	11932	3	0	0	0	690	400	26	89	24	182	821	25	0	0	0	0	0	0
12885	0	1097	11932	3	0	0	0	689	400	20	86	18	177	847	30	0	0	0	0	0	0
12886	0	1097	11932	3	0	0	0	691	395	20	84	18	176	843	40	0	0	0	0	0	0
12887	0	1097	11932	3	0	0	0	691	397	33	88	20	159	838	27	0	0	0	0	0	0
12888	0	1097	11932	3	0	0	0	690	399	20	76	14	192	826	38	0	0	0	0	0	0
12889	0	1097	11932	3	0	0	0	692	397	25	100	14	184	852	23	0	0	0	0	0	0
12890	0	1097	11932	3	0	0	0	688	399	26	95	8	176	864	30	0	0	0	0	0	0
12891	0	1097	11932	3	0	0	0	692	398	26	75	16	184	851	23	0	0	0	0	0	0
12892	0	1097	11932	3	0	0	0	696	399	15	79	5	196	837	15	0	0	0	0	0	0
12893	0	1097	11932	3	0	0	0	690	400	24	88	14	202	879	24	0	0	0	0	0	0
12894	0	1097	11932	3	0	0	0	692	394	30	71	20	216	874	27	0	0	0	0	0	0
12895	0	1097	11932	3	0	0	0	688	398	23	90	19	206	895	35	0	0	0	0	0	0
12896	0	1097	11932	3	0	0	0	690	399	40	90	11	216	888	31	0	0	0	0	0	0
12897	0	1097	11932	3	0	0	0	691	399	18	101	9	208	892	24	0	0	0	0	0	0
12898	0	1097	11932	3	0	0	0	690	399	29	91	18	204	916	30	0	0	0	0	0	0
12899	0	1097	11932	3	0	0	0	689	395	23	88	31	220	900	31	0	0	0	0	0	0
12900	0	1097	11932	3	0	0	0	691	399	26	97	13	216	935	18	0	0	0	0	0	0
12901	0	1097	11932	3	0	0	0	693	393	24	78	17	228	939	29	0	0	0	0	0	0
12902	0	1097	11932	3	0	0	0	688	399	18	87	18	224	960	31	0	0	0	0	0	0
12903	0	1097	11932	3	0	0	0	692	396	28	90	14	255	931	31	0	0	0	0	0	0
12904	0	1097	11932	3	0	0	0	691	398	31	83	24	250	928	23	0	0	0	0	0	0
12905	0	1097	11932	3	0	0	0	689	398	29	88	9	264	960	44	0	0	0	0	0	0
12906	0	1097	11932	3	0	0	0	688	396	14	104	3	242	967	35	0	0	0	0	0	0
12907	0	1097	11932	3	0	0	0	689	396	35	79	24	232	967	45	0	0	0	0	0	0
12908	0	1097	11932	3	0	0	0	694	395	30	84	13	261	992	39	0	0	0	0	0	0
12909	0	1097	11932	3	0	0	0	690	392	15	85	16	245	967	41	0	0	0	0	0	0
12910	0	1097	11932	3	0	0	0	690	395	33	85	17	275	993	31	0	0	0	0	0	0
12911	0	1097	11932	3	0	0	0	690	401	38	75	13	270	1008	30	0	0	0	0	0	0
12912	0	1097	11932	3	0	0	0	691	403	35	80	12	235	1041	23	0	0	0	0	0	0
12913	0	1097	11932	3	0	0	0	690	395	28	100	9	259	1034	40	0	0	0	0	0	0
12914	0	1097	11932	3	0	0	0	690	395	30	99	11	259	1035	23	0	0	0	0	0	0
12915	0	1097	11932	3	0	0	0	690	399	24	92	19	262	1035	30	0	0	0	0	0	0
12916	0	1097	11932	3	0	0	0	689	395	37	86	9	282	1049	30	0	0	0	0	0	0
12917	0	1097	11932	3	0	0	0	691	396	31	90	12	292	1084	26	0	0	0	0	0	0
12918	0	1097	11932	3	0	0	0	690	397	38	85	11	263	1061	31	0	0	0	0	0	0
12919	0	1097	11932	3	0	0	0	691	393	19	92	7	288	1043	42	0	0	0	0	0	0
12920	0	1097	11932	3	0	0	0	689	395	15	79	16	288	1046	23	0	0	0	0	0	0
12921	0	1097	11932	3	0	0	0	687	396	30	89	11	314	1051	24	0	0	0	0	0	0
12922	0	1097	11932	3	0	0	0	692	394	25	88	16	304	1129	39	0	0	0	0	0	0
12923	0	1097	11932	3	0	0	0	690	397	24	79	11	270	1104	30	0	0	0	0	0	0
12924	0	1097	11932	3	0	0	0	690	398	25	83	7	274	1126	26	0	0	0	0	0	0
12925	0	1097	11932	3	0	0	0	692	397	24	104	2	278	1106	29	0	0	0	0	0	0
12926	0	1097	11932	3	0	0	0	691	395	26	97	0	322	1156	27	0	0	0	0	0	0
12927	0	1097	11932	3	0	0	0	692	401	24	93	3	318	1107	26	0	0	0	0	0	0
12928	0	1097	11932	3	0	0	0	690	391	28	93	7	307	1123	32	0	0	0	0	0	0
12929	0	1097	11932	3	0	0	0	691	396	35	87	10	312	1101	20	0	0	0	0	0	0
12930	0	1097	11932	3	0	0	0	689	396	30	90	6	322	1142	35	0	0	0	0	0	0
12931	0	1097	11932	3	0	0	0	691	395	15	87	12	318	1141	37	0	0	0	0	0	0
12932	0	1097	11932	3	0	0	0	689	397	26	96	0	342	1127	39	0	0	0	0	0	0
12933	0	1097	11932	3	0	0	0	691	395	30	108	19	371	1142	29	0	0	0	0	0	0
12934	0	1097	11932	3	0	0	0	690	397	26	93	18	360	1144	35	0	0	0	0	0	0
12935	0	1097	11932	3	0	0	0	690	396	37	88	23	326	1154	31	0	0	0	0	0	0
12936	0	1097	11932	3	0	0	0	689	392	23	99	24	373	1211	27	0	0	0	0	0	0
12937	0	1097	11932	3	0	0	0	692	394	31	86	27	392	1189	29	0	0	0	0	0	0
12938	0	1097	11932	3	0	0	0	689	396	24	89	14	371	1183	39	0	0	0	0	0	0
12939	0	1097	11932	3	0	0	0	687	395	22	87	18	364	1208	28	0	0	0	0	0	0
12940	0	1097	11932	3	0	0	0	691	395	30	88	7	363	1212	22	0	0	0	0	0	0
12941	0	1097	11932	3	0	0	0	691	396	20	78	17	424	1228	30	0	0	0	0	0	0
12942	0	1097	11932	3	0	0	0	690	395	24	101	6	421	1219	27	0	0	0	0	0	0
12943	0	1097	11932	3	0	0	0	692	399	26	96	6	388	1219	33	0	0	0	0	0	0
12944	0	1097	11932	3	0	0	0	692	394	20	94	12	384	1236	24	0	0	0	0	0	0
12945	0	1097	11932	3	0	0	0	690	396	40	96	19	414	1244	40	0	0	0	0	0	0
12946	0	1097	11932	3	0	0	0	690	390	26	92	7	383	1268	30	0	0	0	0	0	0
12947	0	1097	11932	3	0	0	0	691	397	25	96	0	406	1235	28	0	0	0	0	0	0
12948	0	1097	11932	3	0	0	0	690	393	24	92	11	391	1236	30	0	0	0	0	0	0
12949	0	1097	11932	3	0	0	0	690	396	24	88	22	432	1262	32	0	0	0	0	0	0
12950	0	1097	11932	3	0	0	0	690	400	24	83	7	433	1295	15	0	0	0	0	0	0
12951	0	1097	11932	3	0	0	0	689	392	48	83	16	437	1316	37	0	0	0	0	0	0
12952	0	1097	11932	3	0	0	0	691	396	15	96	19	475	1328	25	0	0	0	0	0	0
12953	0	1097	11932	3	0	0	0	689	398	38	88	20	438	1294	29	0	0	0	0	0	0
12954	0	1097	11932	3	0	0	0	691	395	28	92	14	450	1319	22	0	0	0	0	0	0
12955	0	1097	11932	3	0	0	0	690	397	24	92	8	460	1315	28	0	0	0	0	0	0
12956	0	1097	11932	3	0	0	0	688	397	25	81	17	484	1335	30	0	0	0	0	0	0
12957	0	1097	11932	3	0	0	0	690	399	18	89	13	444	1371	26	0	0	0	0	0	0
12958	0	1097	11932	3	0	0	0	689	396	36	84	25	489	1380	35	0	0	0	0	0	0
12959	0	1097	11932	3	0	0	0	687	394	27	84	14	474	1395	21	0	0	0	0	0	0
12960	0	1097	11932	3	0	0	0	689	412	37	67	16	543	1392	36	0	0	0	0	0	0
12961	0	1097	11932	3	0	0	0	687	393	38	87	16	511	1403	21	0	0	0	0	0	0
12962	0	1097	11932	3	0	0	0	690	391	48	86	26	531	1402	32	0	0	0	0	0	0
12963	0	1097	11932	3	0	0	0	687	396	44	85	14	560	1464	20	0	0	0	0	0	0
12964	0	1097	11932	3	0	0	0	689	396	33	79	16	557	1447	37	0	0	0	0	0	0
12965	0	1097	11932	3	0	0	0	689	396	38	80	19	553	1447	35	0	0	0	0	0	0
12966	0	1097	11932	3	0	0	0	690	399	33	78	12	556	1441	25	0	0	0	0	0	0
12967	0	1097	11932	3	0	0	0	690	397	34	96	23	558	1431	34	0	0	0	0	0	0
12968	0	1097	11932	3	0	0	0	690	399	31	85	16	551	1428	30	0	0	0	0	0	0
12969	0	1097	11932	3	0	0	0	686	395	41	80	20	569	1432	38	0	0	0	0	0	0
12970	0	1097	11932	3	0	0	0	689	391	44	87	24	613	1432	33	0	0	0	0	0	0
12971	0	1097	11932	3	0	0	0	689	394	28	88	22	561	1439	38	0	0	0	0	0	0
12972	0	1097	11932	3	0	0	0	691	394	33	83	19	588	1419	29	0	0	0	0	0	0
12973	0	1097	11932	3	0	0	0	689	392	44	79	14	607	1428	26	0	0	0	0	0	0
12974	0	1097	11932	3	0	0	0	692	390	35	81	28	625	1446	36	0	0	0	0	0	0
12975	0	1097	11932	3	0	0	0	690	396	28	90	14	618	1456	27	0	0	0	0	0	0
12976	0	1097	11932	3	0	0	0	690	400	28	87	14	633	1459	48	0	0	0	0	0	0
12977	0	1097	11932	3	0	0	0	689	396	23	79	20	631	1452	44	0	0	0	0	0	0
12978	0	1097	11932	3	0	0	0	691	394	32	75	21	686	1463	39	0	0	0	0	0	0
12979	0	1097	11932	3	0	0	0	689	394	29	79	28	624	1436	29	0	0	0	0	0	0
12980	0	1097	11932	3	0	0	0	690	395	34	85	18	667	1452	23	0	0	0	0	0	0
12981	0	1097	11932	3	0	0	0	689	394	38	83	25	679	1474	37	0	0	0	0	0	0
12982	0	1097	11932	3	0	0	0	689	394	38	83	20	716	1493	31	0	0	0	0	0	0
12983	0	1097	11932	3	0	0	0	688	395	36	92	25	703	1491	32	0	0	0	0	0	0
12984	0	1097	11932	3	0	0	0	689	391	36	96	19	707	1482	36	0	0	0	0	0	0
12985	0	1097	11932	3	0	0	0	689	395	40	90	33	697	1501	28	0	0	0	0	0	0
12986	0	1097	11932	3	0	0	0	690	392	36	90	33	754	1481	33	0	0	0	0	0	0
12987	0	1097	11932	3	0	0	0	688	394	31	87	27	706	1480	30	0	0	0	0	0	0
12988	0	1097	11932	3	0	0	0	689	396	40	79	27	718	1466	31	0	0	0	0	0	0
12989	0	1097	11932	3	0	0	0	689	392	31	87	31	732	1456	29	0	0	0	0	0	0
12990	0	1097	11932	3	0	0	0	689	396	31	72	17	705	1454	36	0	0	0	0	0	0
12991	0	1097	11932	3	0	0	0	688	397	29	83	15	712	1454	39	0	0	0	0	0	0
12992	0	1097	11932	3	0	0	0	687	389	29	87	19	785	1468	22	0	0	0	0	0	0
12993	0	1097	11932	3	0	0	0	691	393	31	83	12	740	1469	31	0	0	0	0	0	0
12994	0	1097	11932	3	0	0	0	688	394	24	96	19	785	1467	31	0	0	0	0	0	0
12995	0	1097	11932	3	0	0	0	690	395	26	86	19	732	1469	36	0	0	0	0	0	0
12996	0	1097	11932	3	0	0	0	690	396	25	88	17	758	1472	31	0	0	0	0	0	0
12997	0	1097	11932	3	0	0	0	689	399	29	78	34	817	1459	30	0	0	0	0	0	0
12998	0	1097	11932	3	0	0	0	690	396	30	81	22	821	1453	15	0	0	0	0	0	0
12999	0	1097	11932	3	0	0	0	690	394	29	80	23	832	1456	30	0	0	0	0	0	0
13000	0	1097	11932	3	0	0	0	688	393	30	97	30	807	1433	29	0	0	0	0	0	0
13001	0	1097	11932	3	0	0	0	688	395	39	79	41	851	1439	15	0	0	0	0	0	0
13002	0	1097	11932	3	0	0	0	691	400	22	90	27	866	1413	30	0	0	0	0	0	0
13003	0	1097	11932	3	0	0	0	688	396	19	89	45	888	1411	15	0	0	0	0	0	0
13004	0	1097	11932	3	0	0	0	689	397	35	100	55	867	1374	24	0	0	0	0	0	0
13005	0	1097	11932	3	0	0	0	690	398	27	113	39	847	1361	24	0	0	0	0	0	0
13006	0	1097	11932	3	0	0	0	688	394	37	75	56	892	1339	14	0	0	0	0	0	0
13007	0	1097	11932	3	0	0	0	688	391	37	96	58	886	1357	26	0	0	0	0	0	0
13008	0	1097	11932	3	0	0	0	689	397	21	93	64	885	1328	24	0	0	0	0	0	0
13009	0	1097	11932	3	0	0	0	691	400	28	98	58	907	1320	48	0	0	0	0	0	0
13010	0	1097	11932	3	0	0	0	690	403	25	84	66	899	1316	19	0	0	0	0	0	0
13011	0	1097	11932	3	0	0	0	690	394	30	91	67	889	1271	28	0	0	0	0	0	0
13012	0	1097	11932	3	0	0	0	691	391	24	84	71	877	1272	24	0	0	0	0	0	0
13013	0	1097	11932	3	0	0	0	692	395	29	88	71	912	1273	38	0	0	0	0	0	0
13014	0	1097	11932	3	0	0	0	689	391	25	87	49	892	1245	28	0	0	0	0	0	0
13015	0	1097	11932	3	0	0	0	689	392	35	90	62	961	1248	30	0	0	0	0	0	0
13016	0	1097	11932	3	0	0	0	690	400	33	96	92	938	1257	25	0	0	0	0	0	0
13017	0	1097	11932	3	0	0	0	694	397	30	97	71	938	1191	31	0	0	0	0	0	0
13018	0	1097	11932	3	0	0	0	688	391	26	98	51	927	1190	39	0	0	0	0	0	0
13019	0	1097	11932	3	0	0	0	688	392	40	88	65	960	1208	23	0	0	0	0	0	0
13020	0	1097	11932	3	0	0	0	690	392	31	82	71	967	1169	20	0	0	0	0	0	0
13021	0	1097	11932	3	0	0	0	689	398	39	92	76	971	1168	27	0	0	0	0	0	0
13022	0	1097	11932	3	0	0	0	691	394	37	89	69	943	1116	31	0	0	0	0	0	0
13023	0	1097	11932	3	0	0	0	689	398	38	85	72	938	1107	36	0	0	0	0	0	0
13024	0	1097	11932	3	0	0	0	692	397	29	88	87	961	1073	24	0	0	0	0	0	0
13025	0	1097	11932	3	0	0	0	690	393	24	97	102	1017	1047	28	0	0	0	0	0	0
13026	0	1097	11932	3	0	0	0	690	395	33	75	87	1014	1034	31	0	0	0	0	0	0
13027	0	1097	11932	3	0	0	0	689	396	25	88	96	1000	1035	43	0	0	0	0	0	0
13028	0	1097	11932	3	0	0	0	690	399	31	69	92	983	985	31	0	0	0	0	0	0
13029	0	1097	11932	3	0	0	0	690	396	31	71	71	1031	995	29	0	0	0	0	0	0
13030	0	1097	11932	3	0	0	0	690	396	32	88	83	1003	1028	30	0	0	0	0	0	0
13031	0	1097	11932	3	0	0	0	691	397	31	96	84	992	950	36	0	0	0	0	0	0
13032	0	1097	11932	3	0	0	0	688	398	35	92	94	1045	942	30	0	0	0	0	0	0
13033	0	1097	11932	3	0	0	0	691	396	22	85	92	1074	918	25	0	0	0	0	0	0
13034	0	1097	11932	3	0	0	0	691	396	33	88	118	1085	859	27	0	0	0	0	0	0
13035	0	1097	11932	3	0	0	0	690	396	17	76	103	1062	892	30	0	0	0	0	0	0
13036	0	1097	11932	3	0	0	0	690	397	29	84	114	1095	853	35	0	0	0	0	0	0
13037	0	1097	11932	3	0	0	0	690	398	26	94	119	1061	818	28	0	0	0	0	0	0
13038	0	1097	11932	3	0	0	0	691	397	35	85	128	1090	819	34	0	0	0	0	0	0
13039	0	1097	11932	3	0	0	0	691	397	30	71	125	1048	820	31	0	0	0	0	0	0
13040	0	1097	11932	3	0	0	0	692	394	23	72	143	1084	771	33	0	0	0	0	0	0
13041	0	1097	11932	3	0	0	0	692	399	25	79	138	1116	788	31	0	0	0	0	0	0
13042	0	1097	11932	3	0	0	0	690	401	31	93	152	1099	745	24	0	0	0	0	0	0
13043	0	1097	11932	3	0	0	0	692	396	27	88	164	1071	725	26	0	0	0	0	0	0
13044	0	1097	11932	3	0	0	0	690	397	18	90	172	1046	707	33	0	0	0	0	0	0
13045	0	1097	11932	3	0	0	0	692	399	32	85	193	1059	688	30	0	0	0	0	0	0
13046	0	1097	11932	3	0	0	0	691	395	30	87	202	1109	668	29	0	0	0	0	0	0
13047	0	1097	11932	3	0	0	0	691	390	19	81	212	1091	693	33	0	0	0	0	0	0
13048	0	1097	11932	3	0	0	0	692	400	18	95	242	1088	685	32	0	0	0	0	0	0
13049	0	1097	11932	3	0	0	0	691	395	24	98	265	1096	662	29	0	0	0	0	0	0
13050	0	1097	11932	3	0	0	0	692	397	31	94	264	1084	618	40	0	0	0	0	0	0
13051	0	1097	11932	3	0	0	0	693	390	28	96	301	1099	635	36	0	0	0	0	0	0
13052	0	1097	11932	3	0	0	0	690	397	24	87	335	1052	608	24	0	0	0	0	0	0
13053	0	1097	11932	3	0	0	0	690	399	24	102	351	1057	604	37	0	0	0	0	0	0
13054	0	1097	11932	3	0	0	0	690	396	28	95	391	1060	567	36	0	0	0	0	0	0
13055	0	1097	11932	3	0	0	0	692	391	37	92	380	1055	564	30	0	0	0	0	0	0
13056	0	1097	11932	3	0	0	0	691	396	28	97	414	1059	545	41	0	0	0	0	0	0
13057	0	1097	11932	3	0	0	0	692	396	24	86	432	1051	506	27	0	0	0	0	0	0
13058	0	1097	11932	3	0	0	0	692	393	22	98	441	1025	480	29	0	0	0	0	0	0
13059	0	1097	11932	3	0	0	0	691	404	23	108	439	1045	488	31	0	0	0	0	0	0
13060	0	1104	13060	1	0	0	0	693	395	26	121	462	998	467	36	0	0	0	0	0	0
13061	0	1104	13060	1	0	0	0	695	399	25	120	483	1027	481	23	0	0	0	0	0	0
13062	0	1104	13060	1	0	0	0	691	395	19	103	480	1013	448	35	0	0	0	0	0	0
13063	0	1104	13060	1	0	0	0	693	398	28	104	494	997	463	32	0	0	0	0	0	0
13064	0	1104	13060	1	0	0	0	696	397	19	92	483	992	448	34	0	0	0	0	0	0
13065	0	1104	13060	1	0	0	0	692	400	23	108	504	1010	443	25	0	0	0	0	0	0
13066	0	1104	13060	1	0	0	0	694	399	35	104	500	952	440	28	0	0	0	0	0	0
13067	0	1104	13060	1	0	0	0	694	398	15	101	504	997	433	34	0	0	0	0	0	0
13068	0	1104	13060	1	0	0	0	694	398	27	104	502	995	420	26	0	0	0	0	0	0
13069	0	1104	13060	1	0	0	0	695	396	28	99	516	1001	427	31	0	0	0	0	0	0
13070	0	1104	13060	1	0	0	0	693	398	23	125	508	996	418	30	0	0	0	0	0	0
13071	0	1104	13060	1	0	0	0	693	391	31	129	517	964	370	19	0	0	0	0	0	0
13072	0	1104	13060	1	0	0	0	694	399	24	124	519	911	390	30	0	0	0	0	0	0
13073	0	1104	13060	1	0	0	0	694	401	26	131	526	909	377	24	0	0	0	0	0	0
13074	0	1104	13060	1	0	0	0	692	397	11	150	526	871	380	34	0	0	0	0	0	0
13075	0	1104	13060	1	0	0	0	691	395	19	120	516	882	366	19	0	0	0	0	0	0
13076	0	1104	13060	1	0	0	0	696	398	20	127	519	864	343	13	0	0	0	0	0	0
13077	0	1104	13060	1	0	0	0	693	395	29	129	518	855	347	34	0	0	0	0	0	0
13078	0	1104	13060	1	0	0	0	691	398	37	127	519	835	328	27	0	0	0	0	0	0
13079	0	1104	13060	1	0	0	0	691	398	31	136	540	847	335	31	0	0	0	0	0	0
13080	0	1104	13060	1	0	0	0	696	399	10	133	531	796	315	21	0	0	0	0	0	0
13081	0	1104	13060	1	0	0	0	692	399	35	115	536	772	335	29	0	0	0	0	0	0
13082	0	1104	13060	1	0	0	0	696	400	15	150	541	726	325	29	0	0	0	0	0	0
13083	0	1104	13060	1	0	0	0	694	395	38	135	524	755	322	19	0	0	0	0	0	0
13084	0	1104	13060	1	0	0	0	695	394	23	131	535	732	311	31	0	0	0	0	0	0
13085	0	1104	13060	1	0	0	0	692	399	24	140	529	736	302	36	0	0	0	0	0	0
13086	0	1104	13060	1	0	0	0	692	394	16	135	537	682	287	28	0	0	0	0	0	0
13087	0	1104	13060	1	0	0	0	693	395	22	145	542	699	295	26	0	0	0	0	0	0
13088	0	1104	13060	1	0	0	0	693	392	30	137	542	692	272	18	0	0	0	0	0	0
13089	0	1104	13060	1	0	0	0	695	392	30	139	536	657	272	31	0	0	0	0	0	0
13090	0	1104	13060	1	0	0	0	695	393	33	145	544	646	269	26	0	0	0	0	0	0
13091	0	1104	13060	1	0	0	0	694	394	30	135	550	646	267	32	0	0	0	0	0	0
13092	0	1104	13060	1	0	0	0	694	393	25	147	543	591	265	26	0	0	0	0	0	0
13093	0	1104	13060	1	0	0	0	693	394	29	152	541	605	268	15	0	0	0	0	0	0
13094	0	1104	13060	1	0	0	0	693	394	28	137	543	590	254	19	0	0	0	0	0	0
13095	0	1104	13060	1	0	0	0	694	398	18	159	545	587	244	28	0	0	0	0	0	0
13096	0	1104	13060	1	0	0	0	696	399	24	140	542	561	239	16	0	0	0	0	0	0
13097	0	1104	13060	1	0	0	0	692	395	32	136	556	523	240	2	0	0	0	0	0	0
13098	0	1104	13060	1	0	0	0	696	394	31	140	549	496	228	18	0	0	0	0	0	0
13099	0	1104	13060	1	0	0	0	694	395	25	164	555	512	228	15	0	0	0	0	0	0
13100	0	1104	13060	1	0	0	0	695	394	24	155	534	455	224	23	0	0	0	0	0	0
13101	0	1104	13060	1	0	0	0	695	387	31	150	553	448	227	18	0	0	0	0	0	0
13102	0	1104	13060	1	0	0	0	695	398	15	148	547	416	218	15	0	0	0	0	0	0
13103	0	1104	13060	1	0	0	0	695	393	21	147	553	424	188	14	0	0	0	0	0	0
13104	0	1104	13060	1	0	0	0	693	395	14	170	552	397	202	15	0	0	0	0	0	0
13105	0	1104	13060	1	0	0	0	695	391	16	167	551	360	206	19	0	0	0	0	0	0
13106	0	1104	13060	1	0	0	0	695	392	24	171	563	372	192	12	0	0	0	0	0	0
13107	0	1104	13060	1	0	0	0	694	394	15	175	556	373	183	25	0	0	0	0	0	0
13108	0	1104	13060	1	0	0	0	694	391	21	159	559	344	186	15	0	0	0	0	0	0
13109	0	1104	13060	1	0	0	0	693	397	19	161	564	361	193	18	0	0	0	0	0	0
13110	0	1104	13060	1	0	0	0	696	394	24	169	559	344	174	27	0	0	0	0	0	0
13111	0	1104	13060	1	0	0	0	691	387	21	178	574	348	192	25	0	0	0	0	0	0
13112	0	1104	13060	1	0	0	0	693	395	31	176	551	327	179	18	0	0	0	0	0	0
13113	0	1104	13060	1	0	0	0	693	396	18	186	566	299	192	15	0	0	0	0	0	0
13114	0	1104	13060	1	0	0	0	696	397	21	183	551	300	191	19	0	0	0	0	0	0
13115	0	1104	13060	1	0	0	0	693	398	19	176	550	300	183	20	0	0	0	0	0	0
13116	0	1104	13060	1	0	0	0	694	399	15	188	557	268	176	17	0	0	0	0	0	0
13117	0	1104	13060	1	0	0	0	695	391	27	185	566	279	165	25	0	0	0	0	0	0
13118	0	1104	13060	1	0	0	0	694	400	24	192	559	236	174	18	0	0	0	0	0	0
13119	0	1104	13060	1	0	0	0	693	392	28	200	572	255	167	26	0	0	0	0	0	0
13120	0	1104	13060	1	0	0	0	696	399	24	205	559	235	156	20	0	0	0	0	0	0
13121	0	1104	13060	1	0	0	0	694	396	19	211	568	224	156	19	0	0	0	0	0	0
13122	0	1104	13060	1	0	0	0	693	398	22	195	561	218	166	23	0	0	0	0	0	0
13123	0	1104	13060	1	0	0	0	694	394	31	194	576	214	169	21	0	0	0	0	0	0
13124	0	1104	13060	1	0	0	0	695	401	25	195	568	194	171	22	0	0	0	0	0	0
13125	0	1104	13060	1	0	0	0	696	394	13	194	570	183	144	37	0	0	0	0	0	0
13126	0	1104	13060	1	0	0	0	695	399	20	186	559	187	151	16	0	0	0	0	0	0
13127	0	1104	13060	1	0	0	0	694	398	23	214	574	167	140	15	0	0	0	0	0	0
13128	0	1104	13060	1	0	0	0	694	399	19	199	551	131	120	23	0	0	0	0	0	0
13129	0	1104	13060	1	0	0	0	695	400	8	195	576	124	156	34	0	0	0	0	0	0
13130	0	1104	13060	1	0	0	0	696	399	11	213	581	136	116	22	0	0	0	0	0	0
13131	0	1104	13060	1	0	0	0	695	396	23	203	592	128	119	21	0	0	0	0	0	0
13132	0	1104	13060	1	0	0	0	696	391	16	208	568	120	96	24	0	0	0	0	0	0
13133	0	1104	13060	1	0	0	0	696	398	14	207	604	128	140	20	0	0	0	0	0	0
13134	0	1104	13060	1	0	0	0	692	396	5	152	588	115	105	12	0	0	0	0	0	0
13135	0	0	0	0	0	0	0	0	0	0	0	0	0	0	0	0	0	0	0	0	0
0	0	0	0	0	0	0	0	0	0	0	0	0	0	0	0	0	0	0	0	0	0
0	0	0	0	0	0	0	0	0	0	0	0	0	0	0	0	0	0	0	0	0	0
0	0	0	0	0	0	0	0	0	0	0	0	0	0	0	0	0	0	0	0	0	0
0	0	0	0	0	0	0	0	0	0	0	0	0	0	0	0	0	0	0	0	0	0
0	0	0	0	0	0	0	0	0	0	0	0	0	0	0	0	0	0	0	0	0	0
0	0	0	0	0	0	0	0	0	0	0	0	0	0	0	0	0	0	0	0	0	0
0	0	0	0	0	0	0	0	0	0	0	0	0	0	0	0	0	0	0	0	0	0
0	0	0	0	0	0	0	0	0	0	0	0	0	0	0	0	0	0	0	0	0	0
0	0	0	0	0	0	0	0	0	0	0	0	0	0	0	0	0	0	0	0	0	0
0	0	0	0	0	0	0	0	0	0	0	0	0	0	0	0	0	0	0	0	0	0
0	0	0	0	0	0	0	0	0	0	0	0	0	0	0	0	0	0	0	0	0	0
0	0	0	0	0	0	0	0	0	0	0	0	0	0	0	0	0	0	0	0	0	0
0	0	0	0	0	0	0	0	0	0	0	0	0	0	0	0	0	0	0	0	0	0
0	0	0	0	0	0	0	0	0	0	0	0	0	0	0	0	0	0	0	0	0	0
0	0	0	0	0	0	0	0	0	0	0	0	0	0	0	0	0	0	0	0	0	0
0	0	0	0	0	0	0	0	0	0	0	0	0	0	0	0	0	0	0	0	0	0
0	0	0	0	0	0	0	0	0	0	0	0	0	0	0	0	0	0	0	0	0	0
0	0	0	0	0	0	0	0	0	0	0	0	0	0	0	0	0	0	0	0	0	0
0	0	0	0	0	0	0	0	0	0	0	0	0	0	0	0	0	0	0	0	0	0
0	0	0	0	0	0	0	0	0	0	0	0	0	0	0	0	0	0	0	0	0	0
0	0	0	0	0	0	0	0	0	0	0	0	0	0	0	0	0	0	0	0	0	0
0	0	0	0	0	0	0	0	0	0	0	0	0	0	0	0	0	0	0	0	0	0
0	0	0	0	0	0	0	0	0	0	0	0	0	0	0	0	0	0	0	0	0	0
0	0	0	0	0	0	0	0	0	0	0	0	0	0	0	0	0	0	0	0	0	0
0	0	0	0	0	0	0	0	0	0	0	0	0	0	0	0	0	0	0	0	0	0
0	0	0	0	0	0	0	0	0	0	0	0	0	0	0	0	0	0	0	0	0	0
0	0	0	0	0	0	0	0	0	0	0	0	0	0	0	0	0	0	0	0	0	0
0	0	0	0	0	0	0	0	0	0	0	0	0	0	0	0	0	0	0	0	0	0
0	0	0	0	0	0	0	0	0	0	0	0	0	0	0	0	0	0	0	0	0	0
0	0	0	0	0	0	0	0	0	0	0	0	0	0	0	0	0	0	0	0	0	0
0	0	0	0	0	0	0	0	0	0	0	0	0	0	0	0	0	0	0	0	0	0
0	0	0	0	0	0	0	0	0	0	0	0	0	0	0	0	0	0	0	0	0	0
0	0	0	0	0	0	0	0	0	0	0	0	0	0	0	0	0	0	0	0	0	0
0	0	0	0	0	0	0	0	0	0	0	0	0	0	0	0	0	0	0	0	0	0
0	0	0	0	0	0	0	0	0	0	0	0	0	0	0	0	0	0	0	0	0	0
0	0	0	0	0	0	0	0	0	0	0	0	0	0	0	0	0	0	0	0	0	0
0	0	0	0	0	0	0	0	0	0	0	0	0	0	0	0	0	0	0	0	0	0
0	0	0	0	0	0	0	0	0	0	0	0	0	0	0	0	0	0	0	0	0	0
0	0	0	0	0	0	0	0	0	0	0	0	0	0	0	0	0	0	0	0	0	0
0	0	0	0	0	0	0	0	0	0	0	0	0	0	0	0	0	0	0	0	0	0
0	0	0	0	0	0	0	0	0	0	0	0	0	0	0	0	0	0	0	0	0	0
0	0	0	0	0	0	0	0	0	0	0	0	0	0	0	0	0	0	0	0	0	0
0	0	0	0	0	0	0	0	0	0	0	0	0	0	0	0	0	0	0	0	0	0
0	0	0	0	0	0	0	0	0	0	0	0	0	0	0	0	0	0	0	0	0	0
0	0	0	0	0	0	0	0	0	0	0	0	0	0	0	0	0	0	0	0	0	0
0	0	0	0	0	0	0	0	0	0	0	0	0	0	0	0	0	0	0	0	0	0
0	0	0	0	0	0	0	0	0	0	0	0	0	0	0	0	0	0	0	0	0	0
0	0	0	0	0	0	0	0	0	0	0	0	0	0	0	0	0	0	0	0	0	0
0	0	0	0	0	0	0	0	0	0	0	0	0	0	0	0	0	0	0	0	0	0
0	0	0	0	0	0	0	0	0	0	0	0	0	0	0	0	0	0	0	0	0	0
0	0	0	0	0	0	0	0	0	0	0	0	0	0	0	0	0	0	0	0	0	0
0	0	0	0	0	0	0	0	0	0	0	0	0	0	0	0	0	0	0	0	0	0
0	0	0	0	0	0	0	0	0	0	0	0	0	0	0	0	0	0	0	0	0	0
0	0	0	0	0	0	0	0	0	0	0	0	0	0	0	0	0	0	0	0	0	0
0	0	0	0	0	0	0	0	0	0	0	0	0	0	0	0	0	0	0	0	0	0
0	0	0	0	0	0	0	0	0	0	0	0	0	0	0	0	0	0	0	0	0	0
0	0	0	0	0	0	0	0	0	0	0	0	0	0	0	0	0	0	0	0	0	0
0	0	0	0	0	0	0	0	0	0	0	0	0	0	0	0	0	0	0	0	0	0
0	0	0	0	0	0	0	0	0	0	0	0	0	0	0	0	0	0	0	0	0	0
0	0	0	0	0	0	0	0	0	0	0	0	0	0	0	0	0	0	0	0	0	0
0	0	0	0	0	0	0	0	0	0	0	0	0	0	0	0	0	0	0	0	0	0
0	0	0	0	0	0	0	0	0	0	0	0	0	0	0	0	0	0	0	0	0	0
0	0	0	0	0	0	0	0	0	0	0	0	0	0	0	0	0	0	0	0	0	0
0	0	0	0	0	0	0	0	0	0	0	0	0	0	0	0	0	0	0	0	0	0
