% anklebot 
% Date: 2015_11_19_14-27
% Sample frequency = 1000
24320	0	11938	2	11416	0	0	3178	3011	27	29	32	332	297	58	0	0	0	0	0	0
24321	0	11938	2	11416	0	0	3167	3003	29	30	46	340	204	73	0	0	0	0	0	0
24322	0	11938	2	11416	0	0	3169	3008	30	29	83	165	482	37	0	0	0	0	0	0
24323	0	11938	2	11416	0	0	3164	3006	33	37	30	270	144	53	0	0	0	0	0	0
24324	0	11938	2	11416	0	0	3166	3001	45	29	67	96	206	43	0	0	0	0	0	0
24325	0	11938	2	11416	0	0	3180	3002	33	26	92	158	441	54	0	0	0	0	0	0
24326	0	11938	2	11416	0	0	3193	3015	24	28	80	171	349	49	0	0	0	0	0	0
24327	0	11938	2	11416	0	0	3199	3025	24	28	69	214	341	51	0	0	0	0	0	0
24328	0	11938	2	11416	0	0	3197	3025	27	27	59	261	288	62	0	0	0	0	0	0
24329	0	11938	2	11416	0	0	3190	3015	29	38	22	235	111	67	0	0	0	0	0	0
24330	0	11938	2	11416	0	0	3173	3008	35	32	49	339	227	53	0	0	0	0	0	0
24331	0	11938	2	11416	0	0	3158	3006	45	26	71	326	266	60	0	0	0	0	0	0
24332	0	11938	2	11416	0	0	3170	3010	27	30	42	173	302	55	0	0	0	0	0	0
24333	0	11938	2	11416	0	0	3193	3015	27	30	48	134	334	51	0	0	0	0	0	0
24334	0	11938	2	11416	0	0	3213	3022	25	29	60	190	318	51	0	0	0	0	0	0
24335	0	11938	2	11416	0	0	3201	3028	23	42	60	325	339	54	0	0	0	0	0	0
24336	0	11938	2	11416	0	0	3162	3012	31	34	61	354	212	75	0	0	0	0	0	0
24337	0	11938	2	11416	0	0	3151	2996	29	24	95	143	449	42	0	0	0	0	0	0
24338	0	11938	2	11416	0	0	3175	2999	28	41	39	276	405	38	0	0	0	0	0	0
24339	0	11938	2	11416	0	0	3177	3004	34	24	81	71	362	43	0	0	0	0	0	0
24340	0	11938	2	11416	0	0	3177	3015	24	40	35	331	275	67	0	0	0	0	0	0
24341	0	12348	1	11416	0	0	3161	3005	28	23	101	158	466	36	0	0	0	0	0	0
24342	0	12348	2	11416	0	0	3174	3004	31	30	44	190	300	52	0	0	0	0	0	0
24343	0	12348	2	11416	0	0	3207	3020	27	28	53	126	328	52	0	0	0	0	0	0
24344	0	12348	2	11416	0	0	3212	3033	29	25	75	189	331	48	0	0	0	0	0	0
24345	0	12348	2	11416	0	0	3203	3030	26	26	63	212	306	52	0	0	0	0	0	0
24346	0	12348	2	11416	0	0	3188	3015	34	32	42	105	172	76	0	0	0	0	0	0
24347	0	12348	2	11416	0	0	3190	3017	26	27	32	120	241	42	0	0	0	0	0	0
24348	0	12348	2	11416	0	0	3183	3016	25	27	60	200	340	37	0	0	0	0	0	0
24349	0	12348	2	11416	0	0	3185	3020	26	24	55	194	297	55	0	0	0	0	0	0
24350	0	12348	2	11416	0	0	3196	3020	28	24	67	193	342	49	0	0	0	0	0	0
24351	0	12348	2	11416	0	0	3205	3024	26	24	58	233	283	55	0	0	0	0	0	0
24352	0	12348	2	11416	0	0	3183	3018	20	32	68	256	440	33	0	0	0	0	0	0
24353	0	12348	2	11416	0	0	3174	3013	29	28	35	272	296	47	0	0	0	0	0	0
24354	0	12348	2	11416	0	0	3161	3007	28	31	52	320	314	47	0	0	0	0	0	0
24355	0	12348	2	11416	0	0	3167	3005	34	38	44	111	212	51	0	0	0	0	0	0
24356	0	12348	2	11416	0	0	3185	3012	24	28	94	186	466	63	0	0	0	0	0	0
24357	0	12348	2	11416	0	0	3175	3012	27	55	26	271	226	66	0	0	0	0	0	0
24358	0	12348	2	11416	0	0	3167	3008	53	21	97	197	418	58	0	0	0	0	0	0
24359	0	12348	2	11416	0	0	3178	3008	27	30	58	220	323	54	0	0	0	0	0	0
24360	0	12348	2	11416	0	0	3196	3017	27	29	79	197	287	70	0	0	0	0	0	0
24361	0	12348	2	11416	0	0	3202	3027	26	34	75	190	292	44	0	0	0	0	0	0
24362	0	12348	2	11416	0	0	3200	3028	24	23	81	210	426	54	0	0	0	0	0	0
24363	0	12348	2	11416	0	0	3179	3013	28	38	20	253	245	53	0	0	0	0	0	0
24364	0	12348	2	11416	0	0	3175	3006	57	24	67	151	174	74	0	0	0	0	0	0
24365	0	12348	2	11416	0	0	3202	3021	23	32	43	210	292	61	0	0	0	0	0	0
24366	0	12348	2	11416	0	0	3197	3024	24	24	68	142	325	52	0	0	0	0	0	0
24367	0	12348	2	11416	0	0	3204	3027	27	31	38	186	300	53	0	0	0	0	0	0
24368	0	12348	2	11416	0	0	3209	3026	26	19	87	106	378	42	0	0	0	0	0	0
24369	0	12348	2	11416	0	0	3184	3020	32	29	88	287	331	69	0	0	0	0	0	0
24370	0	12348	2	11416	0	0	3162	3009	28	30	35	174	118	69	0	0	0	0	0	0
24371	0	12348	2	11416	0	0	3159	3001	29	33	50	207	145	59	0	0	0	0	0	0
24372	0	12348	2	11416	0	0	3172	3002	30	50	20	256	214	75	0	0	0	0	0	0
24373	0	12348	2	11416	0	0	3170	3004	27	35	34	301	217	69	0	0	0	0	0	0
24374	0	12348	2	11416	0	0	3164	2998	15	28	64	209	493	32	0	0	0	0	0	0
24375	0	12348	2	11416	0	0	3157	3003	26	18	86	125	312	55	0	0	0	0	0	0
24376	0	12348	2	11416	0	0	3191	3010	25	33	34	153	307	53	0	0	0	0	0	0
24377	0	12348	2	11416	0	0	3200	3015	25	31	54	227	284	56	0	0	0	0	0	0
24378	0	12348	2	11416	0	0	3204	3024	24	30	37	196	260	48	0	0	0	0	0	0
24379	0	12348	2	11416	0	0	3194	3023	31	18	91	65	389	38	0	0	0	0	0	0
24380	0	12348	2	11416	0	0	3174	3011	41	18	92	110	392	32	0	0	0	0	0	0
24381	0	12348	2	11416	0	0	3165	3002	25	30	24	233	210	61	0	0	0	0	0	0
24382	0	12348	2	11416	0	0	3184	3012	22	25	68	174	293	55	0	0	0	0	0	0
24383	0	12348	2	11416	0	0	3195	3025	23	23	63	219	308	50	0	0	0	0	0	0
24384	0	12348	2	11416	0	0	3186	3017	26	25	50	144	319	43	0	0	0	0	0	0
24385	0	12348	2	11416	0	0	3192	3015	37	25	67	66	252	57	0	0	0	0	0	0
24386	0	12348	2	11416	0	0	3191	3014	29	32	22	243	239	42	0	0	0	0	0	0
24387	0	12348	2	11416	0	0	3166	2994	15	21	99	80	426	31	0	0	0	0	0	0
24388	0	12348	2	11416	0	0	3160	3006	41	26	56	298	367	61	0	0	0	0	0	0
24389	0	12348	2	11416	0	0	3149	2995	35	37	47	121	172	71	0	0	0	0	0	0
24390	0	12348	2	11416	0	0	3163	2993	30	26	84	114	440	55	0	0	0	0	0	0
24391	0	12348	2	11416	0	0	3167	3003	27	34	23	223	176	60	0	0	0	0	0	0
24392	0	12348	2	11416	0	0	3165	3004	23	31	59	248	339	56	0	0	0	0	0	0
24393	0	12348	2	11416	0	0	3181	3009	17	31	44	171	279	44	0	0	0	0	0	0
24394	0	12348	2	11416	0	0	3205	3015	28	30	60	259	277	55	0	0	0	0	0	0
24395	0	12348	2	11416	0	0	3203	3021	24	33	63	202	301	50	0	0	0	0	0	0
24396	0	12348	2	11416	0	0	3191	3022	27	20	87	189	454	31	0	0	0	0	0	0
24397	0	12348	2	11416	0	0	3169	3011	27	23	92	140	429	52	0	0	0	0	0	0
24398	0	12348	2	11416	0	0	3181	3010	27	29	62	195	288	57	0	0	0	0	0	0
24399	0	12348	2	11416	0	0	3200	3017	26	30	53	161	300	51	0	0	0	0	0	0
24400	0	12348	2	11416	0	0	3204	3027	24	25	55	225	277	50	0	0	0	0	0	0
24401	0	12348	2	11416	0	0	3195	3027	26	27	44	209	293	43	0	0	0	0	0	0
24402	0	12348	2	11416	0	0	3189	3016	31	31	28	218	168	69	0	0	0	0	0	0
24403	0	12348	2	11416	0	0	3186	3009	38	23	86	107	422	37	0	0	0	0	0	0
24404	0	12348	2	11416	0	0	3181	3014	26	25	87	146	359	46	0	0	0	0	0	0
24405	0	12348	2	11416	0	0	3180	3015	24	27	67	195	466	30	0	0	0	0	0	0
24406	0	12348	2	11416	0	0	3171	3005	29	23	83	190	451	46	0	0	0	0	0	0
24407	0	12348	2	11416	0	0	3174	3003	27	34	26	246	161	67	0	0	0	0	0	0
24408	0	12348	2	11416	0	0	3172	3008	26	23	78	113	253	63	0	0	0	0	0	0
24409	0	12348	2	11416	0	0	3189	3018	25	23	54	179	330	44	0	0	0	0	0	0
24410	0	12348	2	11416	0	0	3201	3017	27	27	68	163	339	45	0	0	0	0	0	0
24411	0	12348	2	11416	0	0	3208	3020	26	31	51	183	288	46	0	0	0	0	0	0
24412	0	12348	2	11416	0	0	3209	3028	24	38	32	249	203	27	0	0	0	0	0	0
24413	0	12348	2	11416	0	0	3169	3012	30	19	86	288	280	60	0	0	0	0	0	0
24414	0	12348	2	11416	0	0	3165	3005	26	26	62	181	263	36	0	0	0	0	0	0
24415	0	12348	2	11416	0	0	3185	3006	29	26	64	174	306	49	0	0	0	0	0	0
24416	0	12348	2	11416	0	0	3197	3015	25	31	45	190	313	49	0	0	0	0	0	0
24417	0	12348	2	11416	0	0	3195	3020	28	26	49	168	307	52	0	0	0	0	0	0
24418	0	12348	2	11416	0	0	3183	3018	27	25	71	328	270	24	0	0	0	0	0	0
24419	0	12348	2	11416	0	0	3173	3007	36	30	37	187	325	63	0	0	0	0	0	0
24420	0	12348	2	11416	0	0	3174	3004	28	29	58	217	248	33	0	0	0	0	0	0
24421	0	12348	2	11416	0	0	3191	3017	37	25	52	197	276	49	0	0	0	0	0	0
24422	0	12348	2	11416	0	0	3175	3016	27	25	69	235	421	38	0	0	0	0	0	0
24423	0	12348	2	11416	0	0	3169	3008	27	27	61	201	441	49	0	0	0	0	0	0
24424	0	12348	2	11416	0	0	3178	3003	34	28	58	111	247	58	0	0	0	0	0	0
24425	0	12348	2	11416	0	0	3193	3014	26	29	55	108	291	48	0	0	0	0	0	0
24426	0	12348	2	11416	0	0	3203	3025	23	32	64	193	300	58	0	0	0	0	0	0
24427	0	12348	2	11416	0	0	3195	3023	24	24	76	206	306	59	0	0	0	0	0	0
24428	0	12348	2	11416	0	0	3196	3018	26	31	66	190	337	52	0	0	0	0	0	0
24429	0	12348	2	11416	0	0	3199	3020	26	44	25	223	154	64	0	0	0	0	0	0
24430	0	12348	2	11416	0	0	3177	3012	24	43	25	167	259	30	0	0	0	0	0	0
24431	0	12348	2	11416	0	0	3163	3009	23	26	59	212	409	43	0	0	0	0	0	0
24432	0	12348	2	11416	0	0	3177	3006	28	29	52	225	285	57	0	0	0	0	0	0
24433	0	12348	2	11416	0	0	3195	3013	25	28	51	154	290	54	0	0	0	0	0	0
24434	0	12348	2	11416	0	0	3203	3024	23	33	55	158	310	43	0	0	0	0	0	0
24435	0	12348	2	11416	0	0	3193	3022	31	26	60	71	332	31	0	0	0	0	0	0
24436	0	12348	2	11416	0	0	3186	3014	50	39	64	223	317	60	0	0	0	0	0	0
24437	0	12348	2	11416	0	0	3194	3014	25	31	68	183	304	61	0	0	0	0	0	0
24438	0	12348	2	11416	0	0	3191	3020	26	36	42	83	347	64	0	0	0	0	0	0
24439	0	12348	2	11416	0	0	3184	3018	24	36	36	91	355	61	0	0	0	0	0	0
24440	0	12348	2	11416	0	0	3181	3012	45	33	54	199	322	53	0	0	0	0	0	0
24441	0	12348	2	11416	0	0	3189	3009	27	38	24	149	326	52	0	0	0	0	0	0
24442	0	12348	2	11416	0	0	3181	3011	24	31	53	143	321	56	0	0	0	0	0	0
24443	0	12348	2	11416	0	0	3199	3019	24	29	56	240	272	39	0	0	0	0	0	0
24444	0	12348	2	11416	0	0	3188	3015	26	27	51	232	277	41	0	0	0	0	0	0
24445	0	12348	2	11416	0	0	3192	3013	26	28	51	177	289	53	0	0	0	0	0	0
24446	0	12348	2	11416	0	0	3191	3013	31	36	35	219	301	43	0	0	0	0	0	0
24447	0	12348	2	11416	0	0	3181	3014	30	33	59	182	296	28	0	0	0	0	0	0
24448	0	12348	2	11416	0	0	3186	3016	24	28	48	174	313	58	0	0	0	0	0	0
24449	0	12348	2	11416	0	0	3189	3015	27	26	62	197	298	55	0	0	0	0	0	0
24450	0	12348	2	11416	0	0	3198	3014	29	28	69	191	285	51	0	0	0	0	0	0
24451	0	12348	2	11416	0	0	3205	3024	26	31	49	193	323	50	0	0	0	0	0	0
24452	0	12348	2	11416	0	0	3189	3024	33	23	71	246	294	35	0	0	0	0	0	0
24453	0	12348	2	11416	0	0	3175	3011	31	30	50	260	300	36	0	0	0	0	0	0
24454	0	12348	2	11416	0	0	3176	3005	25	38	48	167	294	51	0	0	0	0	0	0
24455	0	12348	2	11416	0	0	3187	3010	23	34	36	119	325	67	0	0	0	0	0	0
24456	0	12348	2	11416	0	0	3189	3016	23	33	38	113	389	59	0	0	0	0	0	0
24457	0	12348	2	11416	0	0	3176	3012	32	20	69	279	268	32	0	0	0	0	0	0
24458	0	12348	2	11416	0	0	3177	3008	28	36	47	119	364	70	0	0	0	0	0	0
24459	0	12348	2	11416	0	0	3200	3018	25	27	65	185	315	57	0	0	0	0	0	0
24460	0	12348	2	11416	0	0	3203	3024	23	30	60	210	282	48	0	0	0	0	0	0
24461	0	12348	2	11416	0	0	3189	3023	23	24	43	200	317	48	0	0	0	0	0	0
24462	0	12348	2	11416	0	0	3188	3015	39	29	39	191	316	55	0	0	0	0	0	0
24463	0	12348	2	11416	0	0	3184	3010	30	35	53	249	296	35	0	0	0	0	0	0
24464	0	12348	2	11416	0	0	3179	3011	23	41	37	227	281	36	0	0	0	0	0	0
24465	0	12348	2	11416	0	0	3173	3012	23	28	47	185	305	53	0	0	0	0	0	0
24466	0	12348	2	11416	0	0	3183	3009	27	24	60	219	308	44	0	0	0	0	0	0
24467	0	12348	2	11416	0	0	3189	3008	24	29	56	217	315	50	0	0	0	0	0	0
24468	0	12348	2	11416	0	0	3199	3016	21	31	56	139	350	68	0	0	0	0	0	0
24469	0	12348	2	11416	0	0	3189	3021	23	31	65	220	279	33	0	0	0	0	0	0
24470	0	12348	2	11416	0	0	3184	3016	27	21	71	226	327	61	0	0	0	0	0	0
24471	0	12348	2	11416	0	0	3182	3012	35	23	79	265	305	61	0	0	0	0	0	0
24472	0	12348	2	11416	0	0	3186	3012	33	33	49	163	297	54	0	0	0	0	0	0
24473	0	12348	2	11416	0	0	3186	3019	29	24	69	247	293	44	0	0	0	0	0	0
24474	0	12348	2	11416	0	0	3175	3014	28	22	65	266	288	37	0	0	0	0	0	0
24475	0	12348	2	11416	0	0	3173	3007	29	26	54	268	300	38	0	0	0	0	0	0
24476	0	12348	2	11416	0	0	3183	3008	25	31	51	210	306	49	0	0	0	0	0	0
24477	0	12348	2	11416	0	0	3186	3013	23	29	52	204	331	52	0	0	0	0	0	0
24478	0	12348	2	11416	0	0	3185	3018	22	29	42	182	308	59	0	0	0	0	0	0
24479	0	12348	2	11416	0	0	3186	3014	25	23	64	238	317	40	0	0	0	0	0	0
24480	0	12348	2	11416	0	0	3190	3014	30	28	76	188	330	66	0	0	0	0	0	0
24481	0	12348	2	11416	0	0	3192	3014	28	25	76	160	379	52	0	0	0	0	0	0
24482	0	12348	2	11416	0	0	3188	3020	23	26	62	189	338	47	0	0	0	0	0	0
24483	0	12348	2	11416	0	0	3183	3015	26	27	55	168	301	59	0	0	0	0	0	0
24484	0	12348	2	11416	0	0	3194	3015	28	36	62	210	355	53	0	0	0	0	0	0
24485	0	12348	2	11416	0	0	3192	3017	24	31	36	267	269	63	0	0	0	0	0	0
24486	0	12348	2	11416	0	0	3183	3015	26	24	59	161	211	64	0	0	0	0	0	0
24487	0	12348	2	11416	0	0	3176	3012	28	33	36	229	269	28	0	0	0	0	0	0
24488	0	12348	2	11416	0	0	3165	3002	32	23	80	209	362	64	0	0	0	0	0	0
24489	0	12348	2	11416	0	0	3177	3002	28	29	65	107	388	50	0	0	0	0	0	0
24490	0	12348	2	11416	0	0	3182	3011	32	24	83	225	390	67	0	0	0	0	0	0
24491	0	12348	2	11416	0	0	3173	3008	24	33	38	262	239	57	0	0	0	0	0	0
24492	0	12348	2	11416	0	0	3169	3006	28	28	56	203	324	56	0	0	0	0	0	0
24493	0	12348	2	11416	0	0	3190	3009	25	32	64	199	366	49	0	0	0	0	0	0
24494	0	12348	2	11416	0	0	3192	3014	24	28	53	189	285	50	0	0	0	0	0	0
24495	0	12348	2	11416	0	0	3186	3017	26	27	52	192	322	52	0	0	0	0	0	0
24496	0	12348	2	11416	0	0	3183	3013	30	24	80	165	440	38	0	0	0	0	0	0
24497	0	12348	2	11416	0	0	3181	3004	28	39	33	243	251	49	0	0	0	0	0	0
24498	0	12348	2	11416	0	0	3186	3012	24	27	56	197	330	45	0	0	0	0	0	0
24499	0	12348	2	11416	0	0	3185	3017	23	26	64	206	350	50	0	0	0	0	0	0
24500	0	12348	2	11416	0	0	3183	3017	24	26	48	218	324	53	0	0	0	0	0	0
24501	0	12348	2	11416	0	0	3187	3012	25	33	43	208	295	47	0	0	0	0	0	0
24502	0	12348	2	11416	0	0	3187	3010	27	24	69	182	441	33	0	0	0	0	0	0
24503	0	12348	2	11416	0	0	3177	3012	25	25	56	301	257	51	0	0	0	0	0	0
24504	0	12348	2	11416	0	0	3168	3012	23	22	64	215	433	36	0	0	0	0	0	0
24505	0	12348	2	11416	0	0	3171	3004	28	30	47	223	410	35	0	0	0	0	0	0
24506	0	12348	2	11416	0	0	3172	3003	29	31	38	162	228	53	0	0	0	0	0	0
24507	0	12348	2	11416	0	0	3182	3009	22	25	70	240	420	44	0	0	0	0	0	0
24508	0	12348	2	11416	0	0	3169	3010	23	24	79	166	401	42	0	0	0	0	0	0
24509	0	12348	2	11416	0	0	3175	3008	28	26	47	199	310	50	0	0	0	0	0	0
24510	0	12348	2	11416	0	0	3188	3011	28	31	45	208	272	48	0	0	0	0	0	0
24511	0	12348	2	11416	0	0	3195	3017	22	28	68	181	342	49	0	0	0	0	0	0
24512	0	12348	2	11416	0	0	3194	3019	24	31	69	158	369	49	0	0	0	0	0	0
24513	0	12348	2	11416	0	0	3181	3016	28	30	32	248	231	58	0	0	0	0	0	0
24514	0	12348	2	11416	0	0	3181	3004	30	30	64	275	321	61	0	0	0	0	0	0
24515	0	12348	2	11416	0	0	3185	3012	22	28	51	217	330	51	0	0	0	0	0	0
24516	0	12348	2	11416	0	0	3186	3018	23	27	65	190	355	55	0	0	0	0	0	0
24517	0	12348	2	11416	0	0	3183	3017	23	28	54	206	305	41	0	0	0	0	0	0
24518	0	12348	2	11416	0	0	3186	3013	27	33	42	195	234	58	0	0	0	0	0	0
24519	0	12348	2	11416	0	0	3192	3012	30	27	63	150	237	67	0	0	0	0	0	0
24520	0	12348	2	11416	0	0	3191	3020	24	26	82	136	381	55	0	0	0	0	0	0
24521	0	12348	2	11416	0	0	3180	3016	27	34	47	164	260	42	0	0	0	0	0	0
24522	0	12348	2	11416	0	0	3181	3012	26	25	64	229	393	44	0	0	0	0	0	0
24523	0	12348	2	11416	0	0	3182	3008	29	28	54	150	194	72	0	0	0	0	0	0
24524	0	12348	2	11416	0	0	3192	3015	21	26	69	172	386	45	0	0	0	0	0	0
24525	0	12348	2	11416	0	0	3181	3017	20	29	35	236	245	64	0	0	0	0	0	0
24526	0	12348	2	11416	0	0	3176	3010	22	29	59	202	303	50	0	0	0	0	0	0
24527	0	12348	2	11416	0	0	3183	3009	27	32	53	191	273	61	0	0	0	0	0	0
24528	0	12348	2	11416	0	0	3195	3013	25	30	59	182	283	54	0	0	0	0	0	0
24529	0	12348	2	11416	0	0	3189	3018	23	35	52	135	288	39	0	0	0	0	0	0
24530	0	12348	2	11416	0	0	3187	3020	22	32	53	244	382	42	0	0	0	0	0	0
24531	0	12348	2	11416	0	0	3177	3008	24	28	48	194	208	54	0	0	0	0	0	0
24532	0	12348	2	11416	0	0	3189	3012	24	30	55	205	322	54	0	0	0	0	0	0
24533	0	12348	2	11416	0	0	3191	3019	22	27	58	194	284	56	0	0	0	0	0	0
24534	0	12348	2	11416	0	0	3184	3019	22	26	51	201	285	53	0	0	0	0	0	0
24535	0	12348	2	11416	0	0	3185	3011	29	31	39	199	201	57	0	0	0	0	0	0
24536	0	12348	2	11416	0	0	3183	3009	24	37	33	175	217	51	0	0	0	0	0	0
24537	0	12348	2	11416	0	0	3183	3011	22	36	53	265	356	48	0	0	0	0	0	0
24538	0	12348	2	11416	0	0	3172	3009	27	33	43	236	250	44	0	0	0	0	0	0
24539	0	12348	2	11416	0	0	3174	3009	23	25	78	132	351	45	0	0	0	0	0	0
24540	0	12348	2	11416	0	0	3180	3005	25	33	39	138	238	37	0	0	0	0	0	0
24541	0	12348	2	11416	0	0	3190	3012	24	34	46	174	221	66	0	0	0	0	0	0
24542	0	12348	2	11416	0	0	3191	3019	22	30	60	210	340	50	0	0	0	0	0	0
24543	0	12348	2	11416	0	0	3181	3015	23	26	61	188	321	47	0	0	0	0	0	0
24544	0	12348	2	11416	0	0	3181	3009	27	32	57	182	304	43	0	0	0	0	0	0
24545	0	12348	2	11416	0	0	3192	3012	22	29	64	167	295	54	0	0	0	0	0	0
24546	0	12348	2	11416	0	0	3192	3020	21	28	76	151	348	57	0	0	0	0	0	0
24547	0	12348	2	11416	0	0	3176	3014	23	30	39	171	230	53	0	0	0	0	0	0
24548	0	12348	2	11416	0	0	3173	3008	24	30	53	194	296	54	0	0	0	0	0	0
24549	0	12348	2	11416	0	0	3187	3010	23	29	69	184	368	56	0	0	0	0	0	0
24550	0	12348	2	11416	0	0	3187	3015	21	27	62	180	299	52	0	0	0	0	0	0
24551	0	12348	2	11416	0	0	3187	3018	22	27	56	205	294	59	0	0	0	0	0	0
24552	0	12348	2	11416	0	0	3178	3012	26	25	54	132	233	63	0	0	0	0	0	0
24553	0	12348	2	11416	0	0	3184	3008	22	28	66	148	234	59	0	0	0	0	0	0
24554	0	12348	2	11416	0	0	3189	3012	24	28	43	191	214	62	0	0	0	0	0	0
24555	0	12348	2	11416	0	0	3179	3014	26	35	46	139	284	38	0	0	0	0	0	0
24556	0	12348	2	11416	0	0	3177	3013	25	25	43	263	376	49	0	0	0	0	0	0
24557	0	12348	2	11416	0	0	3173	3004	25	35	41	258	330	46	0	0	0	0	0	0
24558	0	12348	2	11416	0	0	3177	3004	31	33	61	115	268	46	0	0	0	0	0	0
24559	0	12348	2	11416	0	0	3188	3013	21	28	53	195	305	55	0	0	0	0	0	0
24560	0	12348	2	11416	0	0	3176	3012	22	30	59	198	363	43	0	0	0	0	0	0
24561	0	12348	2	11416	0	0	3177	3006	25	30	60	191	320	50	0	0	0	0	0	0
24562	0	12348	2	11416	0	0	3190	3010	23	30	47	203	255	59	0	0	0	0	0	0
24563	0	12348	2	11416	0	0	3185	3012	26	25	78	125	352	40	0	0	0	0	0	0
24564	0	12348	2	11416	0	0	3178	3016	21	21	64	162	408	47	0	0	0	0	0	0
24565	0	12348	2	11416	0	0	3174	3010	25	26	59	181	315	56	0	0	0	0	0	0
24566	0	12348	2	11416	0	0	3183	3007	24	29	58	208	292	43	0	0	0	0	0	0
24567	0	12348	2	11416	0	0	3185	3012	20	29	60	186	327	51	0	0	0	0	0	0
24568	0	12348	2	11416	0	0	3183	3015	22	26	61	183	347	34	0	0	0	0	0	0
24569	0	12348	2	11416	0	0	3162	3004	24	27	53	88	356	39	0	0	0	0	0	0
24570	0	12348	2	11416	0	0	3173	3000	30	26	67	95	364	37	0	0	0	0	0	0
24571	0	12348	2	11416	0	0	3184	3008	20	31	47	248	354	46	0	0	0	0	0	0
24572	0	12348	2	11416	0	0	3175	3011	26	24	83	143	394	40	0	0	0	0	0	0
24573	0	12348	2	11416	0	0	3166	3008	21	23	69	214	400	49	0	0	0	0	0	0
24574	0	12348	2	11416	0	0	3160	2996	27	28	39	182	225	55	0	0	0	0	0	0
24575	0	12348	2	11416	0	0	3176	3004	22	31	39	268	324	51	0	0	0	0	0	0
24576	0	12348	2	11416	0	0	3177	3005	25	29	60	182	285	53	0	0	0	0	0	0
24577	0	12348	2	11416	0	0	3179	3010	26	27	57	205	305	63	0	0	0	0	0	0
24578	0	12348	2	11416	0	0	3177	3006	28	27	61	177	322	40	0	0	0	0	0	0
24579	0	12348	2	11416	0	0	3185	3008	31	26	72	271	285	55	0	0	0	0	0	0
24580	0	12348	2	11416	0	0	3173	3008	28	22	85	171	377	57	0	0	0	0	0	0
24581	0	12348	2	11416	0	0	3163	3005	27	33	49	127	316	60	0	0	0	0	0	0
24582	0	12348	2	11416	0	0	3176	3007	27	28	52	198	303	51	0	0	0	0	0	0
24583	0	12348	2	11416	0	0	3185	3007	26	29	57	182	309	59	0	0	0	0	0	0
24584	0	12348	2	11416	0	0	3190	3010	24	32	58	200	289	53	0	0	0	0	0	0
24585	0	12348	2	11416	0	0	3186	3014	29	31	51	135	264	41	0	0	0	0	0	0
24586	0	12348	2	11416	0	0	3179	3013	31	32	41	206	195	61	0	0	0	0	0	0
24587	0	12348	2	11416	0	0	3182	3009	23	28	71	180	430	41	0	0	0	0	0	0
24588	0	12348	2	11416	0	0	3177	3005	32	25	66	246	301	38	0	0	0	0	0	0
24589	0	12348	2	11416	0	0	3173	3006	26	27	71	117	303	49	0	0	0	0	0	0
24590	0	12348	2	11416	0	0	3173	3010	22	24	66	172	399	45	0	0	0	0	0	0
24591	0	12348	2	11416	0	0	3170	3004	29	30	33	230	218	66	0	0	0	0	0	0
24592	0	12348	2	11416	0	0	3175	3002	25	30	48	190	311	49	0	0	0	0	0	0
24593	0	12348	2	11416	0	0	3181	3010	23	31	61	212	309	50	0	0	0	0	0	0
24594	0	12348	2	11416	0	0	3178	3014	22	29	58	188	293	53	0	0	0	0	0	0
24595	0	12348	2	11416	0	0	3178	3009	25	27	66	166	335	47	0	0	0	0	0	0
24596	0	12348	2	11416	0	0	3184	3007	28	28	55	230	343	56	0	0	0	0	0	0
24597	0	12348	2	11416	0	0	3176	3007	25	34	50	265	286	44	0	0	0	0	0	0
24598	0	12348	2	11416	0	0	3175	3013	22	25	63	190	291	56	0	0	0	0	0	0
24599	0	12348	2	11416	0	0	3177	3011	26	28	46	181	294	51	0	0	0	0	0	0
24600	0	12348	2	11416	0	0	3182	3008	27	28	71	180	336	48	0	0	0	0	0	0
24601	0	12348	2	11416	0	0	3190	3012	24	30	58	181	325	47	0	0	0	0	0	0
24602	0	12348	2	11416	0	0	3188	3017	26	32	45	174	210	58	0	0	0	0	0	0
24603	0	12348	2	11416	0	0	3178	3015	27	23	60	282	278	40	0	0	0	0	0	0
24604	0	12348	2	11416	0	0	3161	3002	26	34	47	251	345	48	0	0	0	0	0	0
24605	0	12348	2	11416	0	0	3172	3001	26	33	53	197	398	41	0	0	0	0	0	0
24606	0	12348	2	11416	0	0	3178	3009	23	26	77	124	349	46	0	0	0	0	0	0
24607	0	12348	2	11416	0	0	3174	3009	27	23	85	174	388	48	0	0	0	0	0	0
24608	0	12348	2	11416	0	0	3167	3004	26	31	30	234	261	51	0	0	0	0	0	0
24609	0	12348	2	11416	0	0	3172	3001	25	28	67	165	328	49	0	0	0	0	0	0
24610	0	12348	2	11416	0	0	3184	3008	23	34	51	197	311	48	0	0	0	0	0	0
24611	0	12348	2	11416	0	0	3182	3013	22	29	52	188	296	47	0	0	0	0	0	0
24612	0	12348	2	11416	0	0	3179	3011	26	29	49	183	284	48	0	0	0	0	0	0
24613	0	12348	2	11416	0	0	3184	3007	29	27	55	184	218	60	0	0	0	0	0	0
24614	0	12348	2	11416	0	0	3184	3010	28	34	43	140	257	44	0	0	0	0	0	0
24615	0	12348	2	11416	0	0	3186	3014	22	28	63	212	328	52	0	0	0	0	0	0
24616	0	12348	2	11416	0	0	3177	3013	24	27	54	210	315	51	0	0	0	0	0	0
24617	0	12348	2	11416	0	0	3176	3007	24	26	57	175	342	47	0	0	0	0	0	0
24618	0	12348	2	11416	0	0	3182	3008	26	31	52	177	317	41	0	0	0	0	0	0
24619	0	12348	2	11416	0	0	3177	3010	26	31	50	176	218	63	0	0	0	0	0	0
24620	0	12348	2	11416	0	0	3178	3012	24	30	58	219	407	42	0	0	0	0	0	0
24621	0	12348	2	11416	0	0	3169	3006	24	29	57	236	351	50	0	0	0	0	0	0
24622	0	12348	2	11416	0	0	3173	3002	27	35	37	177	238	55	0	0	0	0	0	0
24623	0	12348	2	11416	0	0	3180	3005	23	25	70	147	237	62	0	0	0	0	0	0
24624	0	12348	2	11416	0	0	3174	3011	23	27	62	175	424	37	0	0	0	0	0	0
24625	0	12348	2	11416	0	0	3168	3004	28	25	68	142	329	44	0	0	0	0	0	0
24626	0	12348	2	11416	0	0	3180	3005	26	30	56	198	320	55	0	0	0	0	0	0
24627	0	12348	2	11416	0	0	3189	3011	23	32	57	170	336	48	0	0	0	0	0	0
24628	0	12348	2	11416	0	0	3185	3017	25	34	44	189	291	49	0	0	0	0	0	0
24629	0	12348	2	11416	0	0	3178	3011	27	22	69	119	348	37	0	0	0	0	0	0
24630	0	12348	2	11416	0	0	3176	3006	28	27	74	141	381	34	0	0	0	0	0	0
24631	0	12348	2	11416	0	0	3181	3006	23	26	71	129	327	58	0	0	0	0	0	0
24632	0	12348	2	11416	0	0	3187	3013	23	29	55	183	287	53	0	0	0	0	0	0
24633	0	12348	2	11416	0	0	3179	3014	25	25	55	165	302	46	0	0	0	0	0	0
24634	0	12348	2	11416	0	0	3181	3009	26	26	56	198	330	45	0	0	0	0	0	0
24635	0	12348	2	11416	0	0	3179	3006	28	32	40	203	227	54	0	0	0	0	0	0
24636	0	12348	2	11416	0	0	3183	3010	24	26	70	112	328	39	0	0	0	0	0	0
24637	0	12348	2	11416	0	0	3176	3012	22	29	46	249	306	57	0	0	0	0	0	0
24638	0	12348	2	11416	0	0	3167	3004	26	28	59	229	397	39	0	0	0	0	0	0
24639	0	12348	2	11416	0	0	3171	3000	27	36	35	241	265	54	0	0	0	0	0	0
24640	0	12348	2	11416	0	0	3173	3003	21	31	39	256	248	60	0	0	0	0	0	0
24641	0	12348	2	11416	0	0	3167	3003	25	23	71	134	317	44	0	0	0	0	0	0
24642	0	12348	2	11416	0	0	3167	3004	24	28	55	173	348	44	0	0	0	0	0	0
24643	0	12348	2	11416	0	0	3176	3000	28	32	47	189	287	52	0	0	0	0	0	0
24644	0	12348	2	11416	0	0	3187	3006	22	31	60	197	312	54	0	0	0	0	0	0
24645	0	12348	2	11416	0	0	3187	3013	21	27	58	212	321	50	0	0	0	0	0	0
24646	0	12348	2	11416	0	0	3171	3008	23	25	67	165	255	58	0	0	0	0	0	0
24647	0	12348	2	11416	0	0	3174	3002	30	26	61	130	270	48	0	0	0	0	0	0
24648	0	12348	2	11416	0	0	3185	3005	25	30	57	213	301	57	0	0	0	0	0	0
24649	0	12348	2	11416	0	0	3184	3012	24	30	58	188	319	52	0	0	0	0	0	0
24650	0	12348	2	11416	0	0	3180	3012	23	28	62	211	303	51	0	0	0	0	0	0
24651	0	12348	2	11416	0	0	3173	3009	23	29	58	215	323	54	0	0	0	0	0	0
24652	0	12348	2	11416	0	0	3178	3004	27	30	43	168	226	58	0	0	0	0	0	0
24653	0	12348	2	11416	0	0	3181	3007	24	32	57	189	415	39	0	0	0	0	0	0
24654	0	12348	2	11416	0	0	3171	3011	21	29	65	227	406	42	0	0	0	0	0	0
24655	0	12348	2	11416	0	0	3163	3004	26	33	36	186	239	48	0	0	0	0	0	0
24656	0	12348	2	11416	0	0	3174	2999	30	25	72	102	330	49	0	0	0	0	0	0
24657	0	12348	2	11416	0	0	3187	3011	26	24	66	134	219	63	0	0	0	0	0	0
24658	0	12348	2	11416	0	0	3180	3011	25	34	38	223	267	59	0	0	0	0	0	0
24659	0	12348	2	11416	0	0	3171	3009	23	29	58	198	308	50	0	0	0	0	0	0
24660	0	12348	2	11416	0	0	3175	3008	27	31	53	179	334	46	0	0	0	0	0	0
24661	0	12348	2	11416	0	0	3185	3005	25	35	48	188	294	50	0	0	0	0	0	0
24662	0	12348	2	11416	0	0	3187	3012	23	28	64	163	340	41	0	0	0	0	0	0
24663	0	12348	2	11416	0	0	3174	3011	24	27	60	272	326	56	0	0	0	0	0	0
24664	0	12348	2	11416	0	0	3165	3003	24	31	53	199	401	35	0	0	0	0	0	0
24665	0	12348	2	11416	0	0	3174	3000	25	30	53	210	291	54	0	0	0	0	0	0
24666	0	12348	2	11416	0	0	3181	3007	24	28	51	192	281	52	0	0	0	0	0	0
24667	0	12348	2	11416	0	0	3175	3010	23	26	61	164	344	47	0	0	0	0	0	0
24668	0	12348	2	11416	0	0	3177	3009	24	30	56	168	311	45	0	0	0	0	0	0
24669	0	12348	2	11416	0	0	3180	3005	26	34	37	252	267	58	0	0	0	0	0	0
24670	0	12348	2	11416	0	0	3178	3003	24	28	72	221	349	54	0	0	0	0	0	0
24671	0	12348	2	11416	0	0	3173	3008	23	25	69	203	370	45	0	0	0	0	0	0
24672	0	12348	2	11416	0	0	3166	3005	26	25	55	196	215	58	0	0	0	0	0	0
24673	0	12348	2	11416	0	0	3168	3000	30	25	64	95	328	41	0	0	0	0	0	0
24674	0	12348	2	11416	0	0	3177	2999	26	27	81	233	403	56	0	0	0	0	0	0
24675	0	12348	2	11416	0	0	3171	3005	24	34	39	265	280	52	0	0	0	0	0	0
24676	0	12348	2	11416	0	0	3166	3005	24	26	54	212	291	55	0	0	0	0	0	0
24677	0	12348	2	11416	0	0	3171	3000	27	30	56	174	305	49	0	0	0	0	0	0
24678	0	12348	2	11416	0	0	3184	3003	24	29	52	181	317	48	0	0	0	0	0	0
24679	0	12348	2	11416	0	0	3180	3005	26	33	43	221	227	57	0	0	0	0	0	0
24680	0	12348	2	11416	0	0	3177	3010	25	24	70	135	267	53	0	0	0	0	0	0
24681	0	12348	2	11416	0	0	3174	3008	26	27	64	259	344	61	0	0	0	0	0	0
24682	0	12348	2	11416	0	0	3174	3004	25	29	52	184	307	55	0	0	0	0	0	0
24683	0	12348	2	11416	0	0	3184	3011	23	29	51	188	333	47	0	0	0	0	0	0
24684	0	12348	2	11416	0	0	3179	3012	23	27	58	193	314	50	0	0	0	0	0	0
24685	0	12348	2	11416	0	0	3174	3008	27	23	73	142	397	45	0	0	0	0	0	0
24686	0	12348	2	11416	0	0	3173	3002	30	33	40	189	215	61	0	0	0	0	0	0
24687	0	12348	2	11416	0	0	3184	3005	24	27	71	153	335	57	0	0	0	0	0	0
24688	0	12348	2	11416	0	0	3178	3011	21	33	46	261	310	56	0	0	0	0	0	0
24689	0	12348	2	11416	0	0	3162	3004	27	26	58	132	276	46	0	0	0	0	0	0
24690	0	12348	2	11416	0	0	3170	2998	29	25	50	134	198	59	0	0	0	0	0	0
24691	0	12348	2	11416	0	0	3180	3005	25	25	78	137	377	51	0	0	0	0	0	0
24692	0	12348	2	11416	0	0	3178	3008	26	29	67	225	312	56	0	0	0	0	0	0
24693	0	12348	2	11416	0	0	3173	3009	23	28	58	209	299	52	0	0	0	0	0	0
24694	0	12348	2	11416	0	0	3175	3006	27	26	51	179	288	48	0	0	0	0	0	0
24695	0	12348	2	11416	0	0	3178	3004	28	30	64	192	346	52	0	0	0	0	0	0
24696	0	12348	2	11416	0	0	3179	3006	26	29	58	109	334	43	0	0	0	0	0	0
24697	0	12348	2	11416	0	0	3176	3010	25	26	59	123	256	51	0	0	0	0	0	0
24698	0	12348	2	11416	0	0	3178	3006	24	28	49	206	291	50	0	0	0	0	0	0
24699	0	12348	2	11416	0	0	3177	3006	28	29	49	187	289	50	0	0	0	0	0	0
24700	0	12348	2	11416	0	0	3184	3008	23	28	67	191	313	49	0	0	0	0	0	0
24701	0	12348	2	11416	0	0	3182	3009	23	26	64	200	321	48	0	0	0	0	0	0
24702	0	12348	2	11416	0	0	3169	3006	22	26	60	190	415	35	0	0	0	0	0	0
24703	0	12348	2	11416	0	0	3166	2999	28	26	60	119	304	40	0	0	0	0	0	0
24704	0	12348	2	11416	0	0	3179	3000	27	31	49	238	343	63	0	0	0	0	0	0
24705	0	12348	2	11416	0	0	3174	3006	25	26	71	130	274	55	0	0	0	0	0	0
24706	0	12348	2	11416	0	0	3174	3009	23	25	53	193	429	46	0	0	0	0	0	0
24707	0	12348	2	11416	0	0	3161	3003	25	31	33	235	230	57	0	0	0	0	0	0
24708	0	12348	2	11416	0	0	3168	2996	29	30	51	134	227	56	0	0	0	0	0	0
24709	0	12348	2	11416	0	0	3180	3003	23	27	73	201	338	48	0	0	0	0	0	0
24710	0	12348	2	11416	0	0	3175	3011	24	29	58	178	322	45	0	0	0	0	0	0
24711	0	12348	2	11416	0	0	3173	3007	27	27	45	202	290	49	0	0	0	0	0	0
24712	0	12348	2	11416	0	0	3173	3003	27	28	63	172	318	50	0	0	0	0	0	0
24713	0	12348	2	11416	0	0	3181	3006	25	32	58	225	396	42	0	0	0	0	0	0
24714	0	12348	2	11416	0	0	3170	3008	23	36	34	210	220	59	0	0	0	0	0	0
24715	0	12348	2	11416	0	0	3166	3005	25	26	53	207	313	48	0	0	0	0	0	0
24716	0	12348	2	11416	0	0	3167	2999	25	28	55	175	322	52	0	0	0	0	0	0
24717	0	12348	2	11416	0	0	3180	3002	25	30	63	196	335	53	0	0	0	0	0	0
24718	0	12348	2	11416	0	0	3178	3010	23	28	62	192	328	50	0	0	0	0	0	0
24719	0	12348	2	11416	0	0	3171	3011	24	33	30	219	196	60	0	0	0	0	0	0
24720	0	12348	2	11416	0	0	3164	3003	25	25	71	135	313	56	0	0	0	0	0	0
24721	0	12348	2	11416	0	0	3174	3002	30	31	42	177	221	58	0	0	0	0	0	0
24722	0	12348	2	11416	0	0	3176	3007	25	33	44	267	253	61	0	0	0	0	0	0
24723	0	12348	2	11416	0	0	3164	3008	23	33	52	252	340	49	0	0	0	0	0	0
24724	0	12348	2	11416	0	0	3160	3000	26	25	69	155	290	62	0	0	0	0	0	0
24725	0	12348	2	11416	0	0	3169	2997	28	24	79	116	379	38	0	0	0	0	0	0
24726	0	12348	2	11416	0	0	3184	3006	24	31	55	185	315	53	0	0	0	0	0	0
24727	0	12348	2	11416	0	0	3182	3013	23	30	50	201	277	48	0	0	0	0	0	0
24728	0	12348	2	11416	0	0	3171	3009	25	27	60	190	303	51	0	0	0	0	0	0
24729	0	12348	2	11416	0	0	3173	3003	28	33	39	197	235	56	0	0	0	0	0	0
24730	0	12348	2	11416	0	0	3179	3003	29	28	72	152	378	42	0	0	0	0	0	0
24731	0	12348	2	11416	0	0	3178	3006	25	28	47	193	221	56	0	0	0	0	0	0
24732	0	12348	2	11416	0	0	3175	3011	22	23	60	174	322	42	0	0	0	0	0	0
24733	0	12348	2	11416	0	0	3170	3003	26	28	62	208	316	50	0	0	0	0	0	0
24734	0	12348	2	11416	0	0	3178	3002	25	33	51	203	294	56	0	0	0	0	0	0
24735	0	12348	2	11416	0	0	3182	3008	24	31	51	221	371	39	0	0	0	0	0	0
24736	0	12348	2	11416	0	0	3170	3010	24	22	79	141	391	38	0	0	0	0	0	0
24737	0	12348	2	11416	0	0	3168	3004	27	22	78	204	383	50	0	0	0	0	0	0
24738	0	12348	2	11416	0	0	3170	2996	29	33	44	163	214	59	0	0	0	0	0	0
24739	0	12348	2	11416	0	0	3181	3004	24	25	78	155	389	44	0	0	0	0	0	0
24740	0	12348	2	11416	0	0	3171	3008	22	34	40	242	279	62	0	0	0	0	0	0
24741	0	12348	2	11416	0	0	3160	3001	27	23	68	127	359	42	0	0	0	0	0	0
24742	0	12348	2	11416	0	0	3174	2999	28	29	63	196	282	53	0	0	0	0	0	0
24743	0	12348	2	11416	0	0	3182	3002	24	29	63	205	296	56	0	0	0	0	0	0
24744	0	12348	2	11416	0	0	3178	3011	24	30	57	173	297	48	0	0	0	0	0	0
24745	0	12348	2	11416	0	0	3176	3012	27	26	69	185	334	47	0	0	0	0	0	0
24746	0	12348	2	11416	0	0	3176	3006	25	27	59	188	391	44	0	0	0	0	0	0
24747	0	12348	2	11416	0	0	3178	3003	30	36	42	200	218	61	0	0	0	0	0	0
24748	0	12348	2	11416	0	0	3181	3011	24	30	51	216	289	58	0	0	0	0	0	0
24749	0	12348	2	11416	0	0	3175	3011	23	28	51	201	316	50	0	0	0	0	0	0
24750	0	12348	2	11416	0	0	3173	3005	26	23	69	202	310	53	0	0	0	0	0	0
24751	0	12348	2	11416	0	0	3176	3003	26	29	68	194	349	51	0	0	0	0	0	0
24752	0	12348	2	11416	0	0	3179	3010	23	27	68	235	375	56	0	0	0	0	0	0
24753	0	12348	2	11416	0	0	3168	3004	27	29	40	204	210	58	0	0	0	0	0	0
24754	0	12348	2	11416	0	0	3169	3005	27	23	71	158	265	59	0	0	0	0	0	0
24755	0	12348	2	11416	0	0	3174	3002	28	34	33	221	239	58	0	0	0	0	0	0
24756	0	12348	2	11416	0	0	3172	3000	28	26	85	152	409	42	0	0	0	0	0	0
24757	0	12348	2	11416	0	0	3173	3007	26	30	46	210	215	57	0	0	0	0	0	0
24758	0	12348	2	11416	0	0	3169	3006	23	28	58	208	438	38	0	0	0	0	0	0
24759	0	12348	2	11416	0	0	3165	2997	25	29	61	203	315	45	0	0	0	0	0	0
24760	0	12348	2	11416	0	0	3180	3001	26	31	54	173	318	46	0	0	0	0	0	0
24761	0	12348	2	11416	0	0	3178	3008	24	31	56	189	304	50	0	0	0	0	0	0
24762	0	12348	2	11416	0	0	3175	3010	25	28	62	180	309	55	0	0	0	0	0	0
24763	0	12348	2	11416	0	0	3174	3004	25	29	46	154	274	46	0	0	0	0	0	0
24764	0	12348	2	11416	0	0	3181	3006	25	31	46	241	373	41	0	0	0	0	0	0
24765	0	12348	2	11416	0	0	3174	3003	22	28	64	207	289	57	0	0	0	0	0	0
24766	0	12348	2	11416	0	0	3174	3009	22	27	52	199	282	52	0	0	0	0	0	0
24767	0	12348	2	11416	0	0	3174	3005	22	25	60	185	340	53	0	0	0	0	0	0
24768	0	12348	2	11416	0	0	3177	3004	25	32	54	188	294	47	0	0	0	0	0	0
24769	0	12348	2	11416	0	0	3181	3006	21	27	79	164	392	50	0	0	0	0	0	0
24770	0	12348	2	11416	0	0	3174	3006	24	23	80	187	388	46	0	0	0	0	0	0
24771	0	12348	2	11416	0	0	3162	3004	21	31	48	232	274	59	0	0	0	0	0	0
24772	0	12348	2	11416	0	0	3169	2999	30	29	58	186	229	57	0	0	0	0	0	0
24773	0	12348	2	11416	0	0	3180	3003	24	28	71	195	413	46	0	0	0	0	0	0
24774	0	12348	2	11416	0	0	3173	3005	27	26	73	107	357	42	0	0	0	0	0	0
24775	0	12348	2	11416	0	0	3172	3005	27	25	69	160	273	57	0	0	0	0	0	0
24776	0	12348	2	11416	0	0	3177	3002	25	26	63	204	336	49	0	0	0	0	0	0
24777	0	12348	2	11416	0	0	3176	3002	23	31	56	184	331	52	0	0	0	0	0	0
24778	0	12348	2	11416	0	0	3182	3008	21	30	59	218	291	60	0	0	0	0	0	0
24779	0	12348	2	11416	0	0	3175	3010	26	27	59	187	227	64	0	0	0	0	0	0
24780	0	12348	2	11416	0	0	3172	3006	22	23	66	134	290	57	0	0	0	0	0	0
24781	0	12348	2	11416	0	0	3178	3001	25	31	39	176	233	53	0	0	0	0	0	0
24782	0	12348	2	11416	0	0	3181	3006	21	32	57	197	312	54	0	0	0	0	0	0
24783	0	12348	2	11416	0	0	3175	3010	20	28	61	186	299	53	0	0	0	0	0	0
24784	0	12348	2	11416	0	0	3175	3005	24	25	69	196	320	50	0	0	0	0	0	0
24785	0	12348	2	11416	0	0	3177	3005	22	28	57	271	328	61	0	0	0	0	0	0
24786	0	12348	2	11416	0	0	3174	3003	22	36	36	257	242	62	0	0	0	0	0	0
24787	0	12348	2	11416	0	0	3170	3003	25	33	46	240	360	42	0	0	0	0	0	0
24788	0	12348	2	11416	0	0	3165	3005	21	21	78	183	425	38	0	0	0	0	0	0
24789	0	12348	2	11416	0	0	3156	2998	25	34	35	155	249	45	0	0	0	0	0	0
24790	0	12348	2	11416	0	0	3169	2998	21	33	52	265	343	50	0	0	0	0	0	0
24791	0	12348	2	11416	0	0	3170	3004	20	28	61	203	203	67	0	0	0	0	0	0
24792	0	12348	2	11416	0	0	3172	3008	20	24	69	197	340	47	0	0	0	0	0	0
24793	0	12348	2	11416	0	0	3166	3003	22	30	52	213	294	50	0	0	0	0	0	0
24794	0	12348	2	11416	0	0	3176	3002	27	30	62	203	328	53	0	0	0	0	0	0
24795	0	12348	2	11416	0	0	3182	3006	21	32	59	205	295	59	0	0	0	0	0	0
24796	0	12348	2	11416	0	0	3175	3010	23	29	48	170	264	48	0	0	0	0	0	0
24797	0	12348	2	11416	0	0	3171	3006	28	22	83	149	424	36	0	0	0	0	0	0
24798	0	12348	2	11416	0	0	3171	2999	24	31	51	206	329	48	0	0	0	0	0	0
24799	0	12348	2	11416	0	0	3179	3003	21	25	63	175	312	54	0	0	0	0	0	0
24800	0	12348	2	11416	0	0	3176	3009	23	28	60	206	306	52	0	0	0	0	0	0
24801	0	12348	2	11416	0	0	3173	3008	21	29	54	224	316	53	0	0	0	0	0	0
24802	0	12348	2	11416	0	0	3171	3004	24	25	74	131	328	57	0	0	0	0	0	0
24803	0	12348	2	11416	0	0	3178	3004	22	27	76	151	391	41	0	0	0	0	0	0
24804	0	12348	2	11416	0	0	3175	3005	21	30	52	280	301	59	0	0	0	0	0	0
24805	0	12348	2	11416	0	0	3158	3003	24	31	47	203	231	54	0	0	0	0	0	0
24806	0	12348	2	11416	0	0	3169	3002	22	24	67	134	275	59	0	0	0	0	0	0
24807	0	12348	2	11416	0	0	3178	3002	24	36	35	217	245	65	0	0	0	0	0	0
24808	0	12348	2	11416	0	0	3178	3005	21	24	81	147	406	42	0	0	0	0	0	0
24809	0	12348	2	11416	0	0	3173	3009	22	26	65	220	301	53	0	0	0	0	0	0
24810	0	12348	2	11416	0	0	3166	3001	23	29	58	200	308	48	0	0	0	0	0	0
24811	0	12348	2	11416	0	0	3175	3001	24	31	52	225	304	56	0	0	0	0	0	0
24812	0	12348	2	11416	0	0	3179	3003	23	29	67	203	328	56	0	0	0	0	0	0
24813	0	12348	2	11416	0	0	3172	3007	21	28	68	192	432	42	0	0	0	0	0	0
24814	0	12348	2	11416	0	0	3158	3003	22	27	64	213	423	38	0	0	0	0	0	0
24815	0	12348	2	11416	0	0	3159	2997	23	30	56	211	309	56	0	0	0	0	0	0
24816	0	12348	2	11416	0	0	3177	2999	24	30	63	207	332	54	0	0	0	0	0	0
24817	0	12348	2	11416	0	0	3175	3008	20	31	56	186	309	51	0	0	0	0	0	0
24818	0	12348	2	11416	0	0	3173	3007	23	30	56	202	302	51	0	0	0	0	0	0
24819	0	12348	2	11416	0	0	3168	3001	26	21	81	203	413	44	0	0	0	0	0	0
24820	0	12348	2	11416	0	0	3164	2996	21	28	73	153	369	51	0	0	0	0	0	0
24821	0	12348	2	11416	0	0	3171	3001	21	31	62	221	397	47	0	0	0	0	0	0
24822	0	12348	2	11416	0	0	3163	3004	21	26	67	252	373	56	0	0	0	0	0	0
24823	0	12348	2	11416	0	0	3158	2996	27	31	43	174	223	60	0	0	0	0	0	0
24824	0	12348	2	11416	0	0	3172	2998	21	24	77	126	296	57	0	0	0	0	0	0
24825	0	12348	2	11416	0	0	3181	3004	20	34	54	272	358	51	0	0	0	0	0	0
24826	0	12348	2	11416	0	0	3166	3005	19	28	59	217	327	54	0	0	0	0	0	0
24827	0	12348	2	11416	0	0	3165	3002	22	28	58	192	336	48	0	0	0	0	0	0
24828	0	12348	2	11416	0	0	3173	3003	24	30	55	196	298	54	0	0	0	0	0	0
24829	0	12348	2	11416	0	0	3181	3005	23	29	67	139	291	52	0	0	0	0	0	0
24830	0	12348	2	11416	0	0	3178	3009	25	23	82	183	406	45	0	0	0	0	0	0
24831	0	12348	2	11416	0	0	3162	3004	21	29	43	249	339	47	0	0	0	0	0	0
24832	0	12348	2	11416	0	0	3164	2997	29	25	68	215	284	50	0	0	0	0	0	0
24833	0	12348	2	11416	0	0	3178	2997	26	31	47	190	328	58	0	0	0	0	0	0
24834	0	12348	2	11416	0	0	3179	3005	25	28	67	191	319	57	0	0	0	0	0	0
24835	0	12348	2	11416	0	0	3175	3009	25	32	47	254	369	45	0	0	0	0	0	0
24836	0	12348	2	11416	0	0	3162	3001	27	26	69	170	399	40	0	0	0	0	0	0
24837	0	12348	2	11416	0	0	3165	2996	26	29	42	251	277	58	0	0	0	0	0	0
24838	0	12348	2	11416	0	0	3164	2996	26	33	52	197	206	63	0	0	0	0	0	0
24839	0	12348	2	11416	0	0	3171	3003	27	32	42	215	255	49	0	0	0	0	0	0
24840	0	12348	2	11416	0	0	3165	3002	27	24	77	132	358	44	0	0	0	0	0	0
24841	0	12348	2	11416	0	0	3166	2996	26	26	61	250	349	59	0	0	0	0	0	0
24842	0	12348	2	11416	0	0	3165	2994	27	28	70	141	330	55	0	0	0	0	0	0
24843	0	12348	2	11416	0	0	3178	3007	24	29	56	185	329	48	0	0	0	0	0	0
24844	0	12348	2	11416	0	0	3171	3004	24	30	59	212	301	53	0	0	0	0	0	0
24845	0	12348	2	11416	0	0	3170	2999	26	29	55	202	321	52	0	0	0	0	0	0
24846	0	12348	2	11416	0	0	3176	3000	26	28	76	166	284	64	0	0	0	0	0	0
24847	0	12348	2	11416	0	0	3175	3005	22	27	74	229	433	43	0	0	0	0	0	0
24848	0	12348	2	11416	0	0	3159	3000	26	23	61	147	320	48	0	0	0	0	0	0
24849	0	12348	2	11416	0	0	3165	2999	24	27	59	206	340	49	0	0	0	0	0	0
24850	0	12348	2	11416	0	0	3175	2999	26	32	47	217	314	55	0	0	0	0	0	0
24851	0	12348	2	11416	0	0	3177	3005	24	31	56	194	311	57	0	0	0	0	0	0
24852	0	12348	2	11416	0	0	3170	3006	26	26	65	113	349	42	0	0	0	0	0	0
24853	0	12348	2	11416	0	0	3170	3000	29	23	60	119	265	51	0	0	0	0	0	0
24854	0	12348	2	11416	0	0	3172	2997	28	37	38	245	320	44	0	0	0	0	0	0
24855	0	12348	2	11416	0	0	3172	3003	25	38	31	236	224	66	0	0	0	0	0	0
24856	0	12348	2	11416	0	0	3168	3006	26	25	73	125	358	42	0	0	0	0	0	0
24857	0	12348	2	11416	0	0	3166	3003	22	26	65	199	435	39	0	0	0	0	0	0
24858	0	12348	2	11416	0	0	3162	2996	27	33	44	268	355	49	0	0	0	0	0	0
24859	0	12348	2	11416	0	0	3162	2995	25	32	56	175	296	52	0	0	0	0	0	0
24860	0	12348	2	11416	0	0	3176	3003	23	31	61	178	342	49	0	0	0	0	0	0
24861	0	12348	2	11416	0	0	3173	3006	22	28	56	179	305	51	0	0	0	0	0	0
24862	0	12348	2	11416	0	0	3173	3003	24	27	63	198	327	50	0	0	0	0	0	0
24863	0	12348	2	11416	0	0	3170	2999	26	29	65	264	343	58	0	0	0	0	0	0
24864	0	12348	2	11416	0	0	3167	3001	24	34	43	246	275	59	0	0	0	0	0	0
24865	0	12348	2	11416	0	0	3166	3004	25	30	48	198	304	48	0	0	0	0	0	0
24866	0	12348	2	11416	0	0	3166	3001	23	27	59	187	345	48	0	0	0	0	0	0
24867	0	12348	2	11416	0	0	3173	2998	26	31	64	219	331	59	0	0	0	0	0	0
24868	0	12348	2	11416	0	0	3177	3006	26	29	62	168	304	52	0	0	0	0	0	0
24869	0	12348	2	11416	0	0	3168	3007	20	28	58	223	420	38	0	0	0	0	0	0
24870	0	12348	2	11416	0	0	3157	3000	26	31	37	202	227	56	0	0	0	0	0	0
24871	0	12348	2	11416	0	0	3164	2994	29	27	75	170	364	45	0	0	0	0	0	0
24872	0	12348	2	11416	0	0	3172	2998	26	29	74	144	306	56	0	0	0	0	0	0
24873	0	12348	2	11416	0	0	3171	3004	22	27	67	200	446	44	0	0	0	0	0	0
24874	0	12348	2	11416	0	0	3159	3002	25	21	75	241	384	57	0	0	0	0	0	0
24875	0	12348	2	11416	0	0	3154	2993	29	38	36	191	233	56	0	0	0	0	0	0
24876	0	12348	2	11416	0	0	3172	2997	26	32	61	172	307	53	0	0	0	0	0	0
24877	0	12348	2	11416	0	0	3179	3005	21	31	61	220	315	55	0	0	0	0	0	0
24878	0	12348	2	11416	0	0	3172	3007	22	27	70	196	329	52	0	0	0	0	0	0
24879	0	12348	2	11416	0	0	3169	3003	27	31	39	239	307	51	0	0	0	0	0	0
24880	0	12348	2	11416	0	0	3165	2997	26	28	77	158	329	58	0	0	0	0	0	0
24881	0	12348	2	11416	0	0	3172	3000	22	26	79	169	392	46	0	0	0	0	0	0
24882	0	12348	2	11416	0	0	3169	3005	23	28	58	204	300	54	0	0	0	0	0	0
24883	0	12348	2	11416	0	0	3168	3003	24	29	56	188	304	56	0	0	0	0	0	0
24884	0	12348	2	11416	0	0	3173	2999	25	31	52	172	343	52	0	0	0	0	0	0
24885	0	12348	2	11416	0	0	3177	3003	27	33	46	189	243	61	0	0	0	0	0	0
24886	0	12348	2	11416	0	0	3175	3007	21	22	85	174	413	41	0	0	0	0	0	0
24887	0	12348	2	11416	0	0	3158	2999	22	25	59	159	215	60	0	0	0	0	0	0
24888	0	12348	2	11416	0	0	3168	2998	26	26	71	144	393	38	0	0	0	0	0	0
24889	0	12348	2	11416	0	0	3172	2998	25	33	50	282	296	65	0	0	0	0	0	0
24890	0	12348	2	11416	0	0	3164	3001	26	30	51	162	232	61	0	0	0	0	0	0
24891	0	12348	2	11416	0	0	3166	3004	24	29	52	229	269	51	0	0	0	0	0	0
24892	0	12348	2	11416	0	0	3162	3000	25	32	53	253	355	55	0	0	0	0	0	0
24893	0	12348	2	11416	0	0	3167	2997	24	31	63	208	319	59	0	0	0	0	0	0
24894	0	12348	2	11416	0	0	3177	3003	23	31	64	166	335	48	0	0	0	0	0	0
24895	0	12348	2	11416	0	0	3175	3007	23	27	65	204	343	50	0	0	0	0	0	0
24896	0	12348	2	11416	0	0	3167	3000	24	32	36	183	241	51	0	0	0	0	0	0
24897	0	12348	2	11416	0	0	3171	2997	25	23	77	139	406	38	0	0	0	0	0	0
24898	0	12348	2	11416	0	0	3171	3001	23	28	71	194	345	55	0	0	0	0	0	0
24899	0	12348	2	11416	0	0	3172	3007	23	28	57	193	335	51	0	0	0	0	0	0
24900	0	12348	2	11416	0	0	3167	3006	23	25	65	218	329	52	0	0	0	0	0	0
24901	0	12348	2	11416	0	0	3169	3000	27	28	63	196	315	53	0	0	0	0	0	0
24902	0	12348	2	11416	0	0	3174	3000	24	25	63	144	237	59	0	0	0	0	0	0
24903	0	12348	2	11416	0	0	3174	3006	23	28	65	231	412	44	0	0	0	0	0	0
24904	0	12348	2	11416	0	0	3158	3002	26	24	77	132	375	44	0	0	0	0	0	0
24905	0	12348	2	11416	0	0	3161	2999	24	33	35	254	309	51	0	0	0	0	0	0
24906	0	12348	2	11416	0	0	3163	2994	25	29	75	147	364	55	0	0	0	0	0	0
24907	0	12348	2	11416	0	0	3173	2999	24	23	79	151	396	43	0	0	0	0	0	0
24908	0	12348	2	11416	0	0	3161	3001	23	29	57	250	319	62	0	0	0	0	0	0
24909	0	12348	2	11416	0	0	3158	2997	26	27	64	183	317	56	0	0	0	0	0	0
24910	0	12348	2	11416	0	0	3171	2996	25	30	64	201	311	60	0	0	0	0	0	0
24911	0	12348	2	11416	0	0	3177	3001	24	28	62	208	305	56	0	0	0	0	0	0
24912	0	12348	2	11416	0	0	3170	3005	23	29	66	175	337	50	0	0	0	0	0	0
24913	0	12348	2	11416	0	0	3167	3005	27	35	36	220	279	48	0	0	0	0	0	0
24914	0	12348	2	11416	0	0	3169	2998	26	29	58	157	222	61	0	0	0	0	0	0
24915	0	12348	2	11416	0	0	3181	3003	24	30	68	218	330	60	0	0	0	0	0	0
24916	0	12348	2	11416	0	0	3177	3008	23	32	53	200	292	56	0	0	0	0	0	0
24917	0	12348	2	11416	0	0	3169	3007	24	27	51	193	287	53	0	0	0	0	0	0
24918	0	12348	2	11416	0	0	3166	3000	25	30	60	219	306	54	0	0	0	0	0	0
24919	0	12348	2	11416	0	0	3170	2997	24	30	51	266	288	65	0	0	0	0	0	0
24920	0	12348	2	11416	0	0	3164	2999	23	26	80	153	378	45	0	0	0	0	0	0
24921	0	12348	2	11416	0	0	3163	2999	26	34	42	224	339	46	0	0	0	0	0	0
24922	0	12348	2	11416	0	0	3160	2998	29	31	52	140	246	48	0	0	0	0	0	0
24923	0	12348	2	11416	0	0	3174	2998	25	26	71	243	376	50	0	0	0	0	0	0
24924	0	12348	2	11416	0	0	3165	2998	22	28	72	157	409	42	0	0	0	0	0	0
24925	0	12348	2	11416	0	0	3164	3000	23	31	55	256	378	46	0	0	0	0	0	0
24926	0	12348	2	11416	0	0	3157	2998	23	29	54	220	297	53	0	0	0	0	0	0
24927	0	12348	2	11416	0	0	3164	2995	27	31	55	167	311	47	0	0	0	0	0	0
24928	0	12348	2	11416	0	0	3180	3000	21	32	49	206	286	51	0	0	0	0	0	0
24929	0	12348	2	11416	0	0	3173	3005	23	37	47	255	271	58	0	0	0	0	0	0
24930	0	12348	2	11416	0	0	3163	3001	26	24	80	178	391	52	0	0	0	0	0	0
24931	0	12348	2	11416	0	0	3160	2997	27	25	77	196	429	40	0	0	0	0	0	0
24932	0	12348	2	11416	0	0	3168	2997	24	29	65	178	314	55	0	0	0	0	0	0
24933	0	12348	2	11416	0	0	3177	3003	23	28	64	166	332	55	0	0	0	0	0	0
24934	0	12348	2	11416	0	0	3172	3007	22	26	72	206	338	51	0	0	0	0	0	0
24935	0	12348	2	11416	0	0	3168	3003	24	26	57	221	396	36	0	0	0	0	0	0
24936	0	12348	2	11416	0	0	3162	2992	28	36	39	257	294	50	0	0	0	0	0	0
24937	0	12348	2	11416	0	0	3165	2995	27	26	86	172	425	46	0	0	0	0	0	0
24938	0	12348	2	11416	0	0	3161	3000	24	38	35	199	237	58	0	0	0	0	0	0
24939	0	12348	2	11416	0	0	3160	2999	23	26	68	179	406	38	0	0	0	0	0	0
24940	0	12348	2	11416	0	0	3159	2993	26	34	36	280	260	68	0	0	0	0	0	0
24941	0	12348	2	11416	0	0	3159	2993	29	28	68	105	372	51	0	0	0	0	0	0
24942	0	12348	2	11416	0	0	3165	3001	23	33	42	200	273	58	0	0	0	0	0	0
24943	0	12348	2	11416	0	0	3166	2999	27	29	58	215	306	53	0	0	0	0	0	0
24944	0	12348	2	11416	0	0	3167	2997	24	30	68	204	346	55	0	0	0	0	0	0
24945	0	12348	2	11416	0	0	3175	2998	25	32	56	202	305	58	0	0	0	0	0	0
24946	0	12348	2	11416	0	0	3175	3002	28	28	62	154	242	57	0	0	0	0	0	0
24947	0	12348	2	11416	0	0	3168	3007	25	28	76	173	423	42	0	0	0	0	0	0
24948	0	12348	2	11416	0	0	3163	2999	27	31	41	192	277	55	0	0	0	0	0	0
24949	0	12348	2	11416	0	0	3173	2997	28	29	69	177	346	54	0	0	0	0	0	0
24950	0	12348	2	11416	0	0	3176	3003	22	30	62	190	306	57	0	0	0	0	0	0
24951	0	12348	2	11416	0	0	3172	3003	22	28	58	187	311	47	0	0	0	0	0	0
24952	0	12348	2	11416	0	0	3161	3001	25	30	49	258	303	61	0	0	0	0	0	0
24953	0	12348	2	11416	0	0	3158	2991	29	27	67	104	323	42	0	0	0	0	0	0
24954	0	12348	2	11416	0	0	3173	2997	25	33	63	200	407	44	0	0	0	0	0	0
24955	0	12348	2	11416	0	0	3165	3002	27	34	46	200	228	63	0	0	0	0	0	0
24956	0	12348	2	11416	0	0	3164	3001	27	25	63	269	336	59	0	0	0	0	0	0
24957	0	12348	2	11416	0	0	3154	2992	25	31	61	257	409	47	0	0	0	0	0	0
24958	0	12348	2	11416	0	0	3160	2990	25	30	67	195	428	48	0	0	0	0	0	0
24959	0	12348	2	11416	0	0	3163	2997	23	31	62	215	321	56	0	0	0	0	0	0
24960	0	12348	2	11416	0	0	3160	2995	25	25	69	206	315	40	0	0	0	0	0	0
24961	0	12348	2	11416	0	0	3160	2992	26	28	53	196	337	47	0	0	0	0	0	0
24962	0	12348	2	11416	0	0	3167	2993	26	33	58	204	291	48	0	0	0	0	0	0
24963	0	12348	2	11416	0	0	3170	3000	26	28	73	198	403	46	0	0	0	0	0	0
24964	0	12348	2	11416	0	0	3157	2998	27	34	41	199	232	56	0	0	0	0	0	0
24965	0	12348	2	11416	0	0	3162	2997	26	28	51	186	327	51	0	0	0	0	0	0
24966	0	12348	2	11416	0	0	3169	2997	27	29	55	187	306	52	0	0	0	0	0	0
24967	0	12348	2	11416	0	0	3172	3001	24	30	68	189	337	54	0	0	0	0	0	0
24968	0	12348	2	11416	0	0	3171	3005	23	30	63	175	344	47	0	0	0	0	0	0
24969	0	12348	2	11416	0	0	3164	3002	26	24	76	129	321	51	0	0	0	0	0	0
24970	0	12348	2	11416	0	0	3166	2997	30	33	44	196	225	63	0	0	0	0	0	0
24971	0	12348	2	11416	0	0	3172	3000	24	35	35	160	260	51	0	0	0	0	0	0
24972	0	12348	2	11416	0	0	3170	3004	23	33	47	237	362	43	0	0	0	0	0	0
24973	0	12348	2	11416	0	0	3153	3000	24	28	53	188	188	65	0	0	0	0	0	0
24974	0	12348	2	11416	0	0	3161	2996	28	26	76	130	390	41	0	0	0	0	0	0
24975	0	12348	2	11416	0	0	3167	2995	24	38	44	261	280	67	0	0	0	0	0	0
24976	0	12348	2	11416	0	0	3168	3000	23	30	63	207	318	52	0	0	0	0	0	0
24977	0	12348	2	11416	0	0	3166	3005	24	28	51	195	285	53	0	0	0	0	0	0
24978	0	12348	2	11416	0	0	3162	2998	26	31	57	202	307	55	0	0	0	0	0	0
24979	0	12348	2	11416	0	0	3171	2998	27	27	83	134	395	45	0	0	0	0	0	0
24980	0	12348	2	11416	0	0	3173	3001	22	34	51	210	393	41	0	0	0	0	0	0
24981	0	12348	2	11416	0	0	3162	3002	24	24	70	120	274	50	0	0	0	0	0	0
24982	0	12348	2	11416	0	0	3166	3000	26	30	52	190	298	52	0	0	0	0	0	0
24983	0	12348	2	11416	0	0	3170	3000	26	30	56	218	283	59	0	0	0	0	0	0
24984	0	12348	2	11416	0	0	3174	2998	25	30	56	180	329	51	0	0	0	0	0	0
24985	0	12348	2	11416	0	0	3167	3005	21	23	86	145	411	39	0	0	0	0	0	0
24986	0	12348	2	11416	0	0	3159	3000	24	28	58	251	333	58	0	0	0	0	0	0
24987	0	12348	2	11416	0	0	3158	2992	28	36	41	212	209	63	0	0	0	0	0	0
24988	0	12348	2	11416	0	0	3172	2996	24	25	72	148	266	56	0	0	0	0	0	0
24989	0	12348	2	11416	0	0	3170	3002	21	35	39	252	253	62	0	0	0	0	0	0
24990	0	12348	2	11416	0	0	3158	2998	26	24	78	134	380	41	0	0	0	0	0	0
24991	0	12348	2	11416	0	0	3159	2995	30	29	47	193	219	55	0	0	0	0	0	0
24992	0	12348	2	11416	0	0	3172	2996	28	27	76	144	324	52	0	0	0	0	0	0
24993	0	12348	2	11416	0	0	3178	3003	23	34	53	198	310	53	0	0	0	0	0	0
24994	0	12348	2	11416	0	0	3170	3004	23	29	57	215	300	55	0	0	0	0	0	0
24995	0	12348	2	11416	0	0	3167	3001	25	29	49	193	308	44	0	0	0	0	0	0
24996	0	12348	2	11416	0	0	3164	2996	27	27	83	152	394	48	0	0	0	0	0	0
24997	0	12348	2	11416	0	0	3168	2996	30	24	82	144	403	47	0	0	0	0	0	0
24998	0	12348	2	11416	0	0	3163	3001	23	29	51	243	288	56	0	0	0	0	0	0
24999	0	12348	2	11416	0	0	3156	2999	25	27	64	165	337	50	0	0	0	0	0	0
25000	0	12348	2	11416	0	0	3165	2996	25	25	70	188	330	52	0	0	0	0	0	0
25001	0	12348	2	11416	0	0	3170	2999	24	30	60	206	315	57	0	0	0	0	0	0
25002	0	12348	2	11416	0	0	3170	3003	24	33	51	223	391	41	0	0	0	0	0	0
25003	0	12348	2	11416	0	0	3158	2998	26	33	46	253	285	55	0	0	0	0	0	0
25004	0	12348	2	11416	0	0	3155	2995	25	30	46	261	281	61	0	0	0	0	0	0
25005	0	12348	2	11416	0	0	3160	2991	29	28	67	97	298	46	0	0	0	0	0	0
0	0	0	0	0	0	0	0	0	0	0	0	0	0	0	0	0	0	0	0	0
0	0	0	0	0	0	0	0	0	0	0	0	0	0	0	0	0	0	0	0	0
0	0	0	0	0	0	0	0	0	0	0	0	0	0	0	0	0	0	0	0	0
0	0	0	0	0	0	0	0	0	0	0	0	0	0	0	0	0	0	0	0	0
0	0	0	0	0	0	0	0	0	0	0	0	0	0	0	0	0	0	0	0	0
0	0	0	0	0	0	0	0	0	0	0	0	0	0	0	0	0	0	0	0	0
0	0	0	0	0	0	0	0	0	0	0	0	0	0	0	0	0	0	0	0	0
0	0	0	0	0	0	0	0	0	0	0	0	0	0	0	0	0	0	0	0	0
0	0	0	0	0	0	0	0	0	0	0	0	0	0	0	0	0	0	0	0	0
0	0	0	0	0	0	0	0	0	0	0	0	0	0	0	0	0	0	0	0	0
0	0	0	0	0	0	0	0	0	0	0	0	0	0	0	0	0	0	0	0	0
0	0	0	0	0	0	0	0	0	0	0	0	0	0	0	0	0	0	0	0	0
0	0	0	0	0	0	0	0	0	0	0	0	0	0	0	0	0	0	0	0	0
0	0	0	0	0	0	0	0	0	0	0	0	0	0	0	0	0	0	0	0	0
0	0	0	0	0	0	0	0	0	0	0	0	0	0	0	0	0	0	0	0	0
0	0	0	0	0	0	0	0	0	0	0	0	0	0	0	0	0	0	0	0	0
0	0	0	0	0	0	0	0	0	0	0	0	0	0	0	0	0	0	0	0	0
0	0	0	0	0	0	0	0	0	0	0	0	0	0	0	0	0	0	0	0	0
0	0	0	0	0	0	0	0	0	0	0	0	0	0	0	0	0	0	0	0	0
0	0	0	0	0	0	0	0	0	0	0	0	0	0	0	0	0	0	0	0	0
0	0	0	0	0	0	0	0	0	0	0	0	0	0	0	0	0	0	0	0	0
0	0	0	0	0	0	0	0	0	0	0	0	0	0	0	0	0	0	0	0	0
0	0	0	0	0	0	0	0	0	0	0	0	0	0	0	0	0	0	0	0	0
0	0	0	0	0	0	0	0	0	0	0	0	0	0	0	0	0	0	0	0	0
0	0	0	0	0	0	0	0	0	0	0	0	0	0	0	0	0	0	0	0	0
0	0	0	0	0	0	0	0	0	0	0	0	0	0	0	0	0	0	0	0	0
0	0	0	0	0	0	0	0	0	0	0	0	0	0	0	0	0	0	0	0	0
0	0	0	0	0	0	0	0	0	0	0	0	0	0	0	0	0	0	0	0	0
0	0	0	0	0	0	0	0	0	0	0	0	0	0	0	0	0	0	0	0	0
0	0	0	0	0	0	0	0	0	0	0	0	0	0	0	0	0	0	0	0	0
0	0	0	0	0	0	0	0	0	0	0	0	0	0	0	0	0	0	0	0	0
0	0	0	0	0	0	0	0	0	0	0	0	0	0	0	0	0	0	0	0	0
0	0	0	0	0	0	0	0	0	0	0	0	0	0	0	0	0	0	0	0	0
0	0	0	0	0	0	0	0	0	0	0	0	0	0	0	0	0	0	0	0	0
0	0	0	0	0	0	0	0	0	0	0	0	0	0	0	0	0	0	0	0	0
0	0	0	0	0	0	0	0	0	0	0	0	0	0	0	0	0	0	0	0	0
0	0	0	0	0	0	0	0	0	0	0	0	0	0	0	0	0	0	0	0	0
0	0	0	0	0	0	0	0	0	0	0	0	0	0	0	0	0	0	0	0	0
0	0	0	0	0	0	0	0	0	0	0	0	0	0	0	0	0	0	0	0	0
0	0	0	0	0	0	0	0	0	0	0	0	0	0	0	0	0	0	0	0	0
0	0	0	0	0	0	0	0	0	0	0	0	0	0	0	0	0	0	0	0	0
0	0	0	0	0	0	0	0	0	0	0	0	0	0	0	0	0	0	0	0	0
0	0	0	0	0	0	0	0	0	0	0	0	0	0	0	0	0	0	0	0	0
0	0	0	0	0	0	0	0	0	0	0	0	0	0	0	0	0	0	0	0	0
0	0	0	0	0	0	0	0	0	0	0	0	0	0	0	0	0	0	0	0	0
0	0	0	0	0	0	0	0	0	0	0	0	0	0	0	0	0	0	0	0	0
0	0	0	0	0	0	0	0	0	0	0	0	0	0	0	0	0	0	0	0	0
0	0	0	0	0	0	0	0	0	0	0	0	0	0	0	0	0	0	0	0	0
0	0	0	0	0	0	0	0	0	0	0	0	0	0	0	0	0	0	0	0	0
0	0	0	0	0	0	0	0	0	0	0	0	0	0	0	0	0	0	0	0	0
0	0	0	0	0	0	0	0	0	0	0	0	0	0	0	0	0	0	0	0	0
0	0	0	0	0	0	0	0	0	0	0	0	0	0	0	0	0	0	0	0	0
0	0	0	0	0	0	0	0	0	0	0	0	0	0	0	0	0	0	0	0	0
0	0	0	0	0	0	0	0	0	0	0	0	0	0	0	0	0	0	0	0	0
0	0	0	0	0	0	0	0	0	0	0	0	0	0	0	0	0	0	0	0	0
0	0	0	0	0	0	0	0	0	0	0	0	0	0	0	0	0	0	0	0	0
0	0	0	0	0	0	0	0	0	0	0	0	0	0	0	0	0	0	0	0	0
0	0	0	0	0	0	0	0	0	0	0	0	0	0	0	0	0	0	0	0	0
0	0	0	0	0	0	0	0	0	0	0	0	0	0	0	0	0	0	0	0	0
0	0	0	0	0	0	0	0	0	0	0	0	0	0	0	0	0	0	0	0	0
0	0	0	0	0	0	0	0	0	0	0	0	0	0	0	0	0	0	0	0	0
0	0	0	0	0	0	0	0	0	0	0	0	0	0	0	0	0	0	0	0	0
0	0	0	0	0	0	0	0	0	0	0	0	0	0	0	0	0	0	0	0	0
0	0	0	0	0	0	0	0	0	0	0	0	0	0	0	0	0	0	0	0	0
0	0	0	0	0	0	0	0	0	0	0	0	0	0	0	0	0	0	0	0	0
0	0	0	0	0	0	0	0	0	0	0	0	0	0	0	0	0	0	0	0	0
0	0	0	0	0	0	0	0	0	0	0	0	0	0	0	0	0	0	0	0	0
0	0	0	0	0	0	0	0	0	0	0	0	0	0	0	0	0	0	0	0	0
0	0	0	0	0	0	0	0	0	0	0	0	0	0	0	0	0	0	0	0	0
0	0	0	0	0	0	0	0	0	0	0	0	0	0	0	0	0	0	0	0	0
0	0	0	0	0	0	0	0	0	0	0	0	0	0	0	0	0	0	0	0	0
0	0	0	0	0	0	0	0	0	0	0	0	0	0	0	0	0	0	0	0	0
0	0	0	0	0	0	0	0	0	0	0	0	0	0	0	0	0	0	0	0	0
0	0	0	0	0	0	0	0	0	0	0	0	0	0	0	0	0	0	0	0	0
0	0	0	0	0	0	0	0	0	0	0	0	0	0	0	0	0	0	0	0	0
0	0	0	0	0	0	0	0	0	0	0	0	0	0	0	0	0	0	0	0	0
0	0	0	0	0	0	0	0	0	0	0	0	0	0	0	0	0	0	0	0	0
0	0	0	0	0	0	0	0	0	0	0	0	0	0	0	0	0	0	0	0	0
0	0	0	0	0	0	0	0	0	0	0	0	0	0	0	0	0	0	0	0	0
0	0	0	0	0	0	0	0	0	0	0	0	0	0	0	0	0	0	0	0	0
0	0	0	0	0	0	0	0	0	0	0	0	0	0	0	0	0	0	0	0	0
0	0	0	0	0	0	0	0	0	0	0	0	0	0	0	0	0	0	0	0	0
