#Date: 26-Aug-2016 17:45:20
#
#Memory Allocation:
#	Parameter memory: 288 bytes.
#	Lookup table memory: 2000 bytes.
#	Data memory: 8168 bytes.
#
#Parameters:
#	Frq = 500 (Hz)
#	Ticks = 400000
#	hapticMode = 2
#
#Filter Coefficients (N = 1):
#	b[0] : 0.01850891	a[0] : 1.00000000
#	b[1] : 0.01850891	a[1] : -0.96299744
#
# frame	sync	s1	s2	s3	s4	s5	s6	amp1	amp2	amp3	amp4	amp5	amp6
18615	1	51	17	29	88	17	39	0	0	0	0	0	0	
18616	1	51	15	28	81	19	47	0	0	0	0	0	0	
18617	1	48	16	31	87	15	52	0	0	0	0	0	0	
18618	1	49	8	28	87	15	47	0	0	0	0	0	0	
18619	1	54	19	25	83	15	54	0	0	0	0	0	0	
18620	1	55	15	33	76	12	44	0	0	0	0	0	0	
18621	1	48	28	35	84	17	48	0	0	0	0	0	0	
18622	1	48	20	30	94	16	48	0	0	0	0	0	0	
18623	1	49	16	31	87	19	48	0	0	0	0	0	0	
18624	1	48	16	31	88	15	40	0	0	0	0	0	0	
18625	1	48	16	31	88	16	41	0	0	0	0	0	0	
18626	1	55	11	25	88	8	49	0	0	0	0	0	0	
18627	1	49	12	31	80	17	51	0	0	0	0	0	0	
18628	1	51	16	28	83	22	44	0	0	0	0	0	0	
18629	1	54	19	31	87	15	44	0	0	0	0	0	0	
18630	1	52	22	33	87	14	40	0	0	0	0	0	0	
18631	1	49	28	31	94	13	48	0	0	0	0	0	0	
18632	1	52	19	27	79	11	47	0	0	0	0	0	0	
18633	1	51	17	30	87	14	44	0	0	0	0	0	0	
18634	1	47	15	35	86	20	41	0	0	0	0	0	0	
18635	1	50	11	27	83	15	46	0	0	0	0	0	0	
18636	1	48	16	31	87	14	48	0	0	0	0	0	0	
18637	1	49	0	28	92	14	44	0	0	0	0	0	0	
18638	1	47	15	27	88	12	41	0	0	0	0	0	0	
18639	1	54	15	39	87	24	41	0	0	0	0	0	0	
18640	1	49	24	31	88	17	43	0	0	0	0	0	0	
18641	1	49	16	28	79	14	40	0	0	0	0	0	0	
18642	1	48	16	33	75	11	47	0	0	0	0	0	0	
18643	1	49	17	32	88	16	39	0	0	0	0	0	0	
18644	1	46	12	31	84	12	44	0	0	0	0	0	0	
18645	1	49	11	25	88	11	39	0	0	0	0	0	0	
18646	1	49	17	32	80	12	44	0	0	0	0	0	0	
18647	1	52	23	35	92	17	43	0	0	0	0	0	0	
18648	1	49	24	30	81	11	43	0	0	0	0	0	0	
18649	1	54	23	23	88	16	44	0	0	0	0	0	0	
18650	1	52	23	25	92	20	52	0	0	0	0	0	0	
