2
2
3
4
5
6
8
10
11
13
15
17
19
20
21
22
23
23
22
20
17
14
9
3
-5
-13
-23
-35
-47
-61
-76
-91
-107
-123
-140
-156
-171
-185
-197
-207
-214
-219
-219
-216
-208
-196
-178
-155
-126
-91
-51
-4
48
105
168
235
307
382
460
541
622
704
785
865
943
1017
1087
1152
1210
1262
1306
1342
1370
1389
1398
1398
1389
1370
1342
1306
1262
1210
1152
1087
1017
943
865
785
704
622
541
460
382
307
235
168
105
48
-4
-51
-91
-126
-155
-178
-196
-208
-216
-219
-219
-214
-207
-197
-185
-171
-156
-140
-123
-107
-91
-76
-61
-47
-35
-23
-13
-5
3
9
14
17
20
22
23
23
22
21
20
19
17
15
13
11
10
8
6
5
4
3
2
2
