-0.010377
-0.009449
-0.008512
-0.007568
-0.006617
-0.005660
-0.004697
-0.003730
-0.002758
-0.001784
-0.000808
0.000171
0.001150
0.002129
0.003108
0.004085
0.005060
0.006032
0.007000
0.007965
0.008924
0.009878
0.010825
0.011766
0.012699
0.013623
0.014539
0.015445
0.016341
0.017227
0.018102
0.018965
0.019815
0.020653
0.021478
0.022290
0.023087
0.023871
0.024639
0.025393
0.026131
0.026853
0.027559
0.028250
0.028923
0.029580
0.030221
0.030844
0.031450
0.032039
0.032610
0.033164
0.033701
0.034220
0.034721
0.035205
0.035672
0.036121
0.036553
0.036967
0.037365
0.037745
0.038109
0.038456
0.038786
0.039100
0.039398
0.039680
0.039947
0.040198
0.040434
0.040656
0.040862
0.041055
0.041233
0.041398
0.041550
0.041689
0.041814
0.041928
0.042030
0.042119
0.042198
0.042265
0.042322
0.042369
0.042406
0.042433
0.042450
0.042459
0.042459
0.042450
0.042434
0.042410
0.042378
0.042340
0.042294
0.042242
0.042183
0.042119
0.042048
0.041972
0.041891
0.041804
0.041712
0.041616
0.041514
0.041408
0.041298
0.041184
0.041065
0.040943
0.040816
0.040685
0.040551
0.040413
0.040271
0.040125
0.039976
0.039822
0.039665
0.039504
0.039339
0.039171
0.038998
0.038821
0.038640
0.038454
0.038264
0.038069
0.037870
0.037666
0.037456
0.037242
0.037022
0.036796
0.036565
0.036327
0.036084
0.035834
0.035577
0.035313
0.035043
0.034765
0.034479
0.034186
0.033885
0.033575
0.033257
0.032931
0.032595
0.032251
0.031897
0.031533
0.031160
0.030776
0.030382
0.029978
0.029564
0.029138
0.028702
0.028254
0.027795
0.027325
0.026843
0.026349
0.025843
0.025326
0.024796
0.024254
0.023700
0.023133
0.022554
0.021963
0.021359
0.020743
0.020114
0.019473
0.018819
0.018153
0.017475
0.016784
0.016081
0.015365
0.014638
0.013899
0.013148
0.012385
0.011611
0.010825
0.010028
0.009221
0.008402
0.007573
0.006734
0.005885
0.005025
0.004157
0.003279
0.002392
0.001496
0.000592
-0.000319
-0.001239
-0.002166
-0.003100
-0.004040
-0.004987
-0.005940
-0.006898
-0.007862
-0.008830
-0.009802
-0.010779
-0.011759
-0.012742
-0.013728
-0.014716
-0.015706
-0.016698
-0.017690
-0.018683
-0.019677
-0.020670
-0.021663
-0.022654
-0.023644
-0.024632
-0.025618
-0.026602
-0.027582
-0.028559
-0.029531
-0.030500
-0.031464
-0.032423
-0.033376
-0.034324
-0.035266
-0.036202
-0.037130
-0.038052
-0.038966
-0.039872
-0.040771
-0.041661
-0.042543
-0.043416
-0.044280
-0.045134
-0.045979
-0.046814
-0.047640
-0.048455
-0.049259
-0.050054
-0.050837
-0.051610
-0.052371
-0.053122
-0.053861
-0.054589
-0.055305
-0.056010
-0.056704
-0.057386
-0.058056
-0.058714
-0.059361
-0.059996
-0.060620
-0.061232
-0.061832
-0.062420
-0.062997
-0.063563
-0.064117
-0.064660
-0.065191
-0.065712
-0.066222
-0.066720
-0.067208
-0.067686
-0.068153
-0.068610
-0.069057
-0.069494
-0.069922
-0.070340
-0.070748
-0.071148
-0.071539
-0.071922
-0.072296
-0.072662
-0.073020
-0.073371
-0.073715
-0.074051
-0.074381
-0.074705
-0.075022
-0.075334
-0.075640
-0.075940
-0.076236
-0.076528
-0.076815
-0.077098
-0.077377
-0.077653
-0.077926
-0.078196
-0.078464
-0.078730
-0.078994
-0.079257
-0.079519
-0.079780
-0.080040
-0.080300
-0.080561
-0.080822
-0.081084
-0.081347
-0.081612
-0.081878
-0.082146
-0.082417
-0.082690
-0.082967
-0.083246
-0.083529
-0.083816
-0.084107
-0.084402
-0.084702
-0.085007
-0.085317
-0.085632
-0.085952
-0.086279
-0.086611
-0.086950
-0.087295
-0.087646
-0.088005
-0.088370
-0.088743
-0.089122
-0.089509
-0.089904
-0.090307
-0.090717
-0.091135
-0.091561
-0.091996
-0.092438
-0.092889
-0.093349
-0.093816
-0.094292
-0.094777
-0.095270
-0.095771
-0.096281
-0.096800
-0.097327
-0.097862
-0.098405
-0.098957
-0.099517
-0.100085
-0.100661
-0.101245
-0.101837
-0.102436
-0.103043
-0.103657
-0.104279
-0.104907
-0.105542
-0.106183
-0.106831
-0.107485
-0.108145
-0.108810
-0.109481
-0.110157
-0.110837
-0.111522
-0.112212
-0.112904
-0.113601
-0.114300
-0.115003
-0.115708
-0.116414
-0.117123
-0.117833
-0.118543
-0.119254
-0.119965
-0.120676
-0.121386
-0.122095
-0.122802
-0.123506
-0.124208
-0.124907
-0.125602
-0.126293
-0.126980
-0.127661
-0.128337
-0.129007
-0.129670
-0.130326
-0.130974
-0.131615
-0.132246
-0.132868
-0.133481
-0.134083
-0.134674
-0.135255
-0.135823
-0.136379
-0.136922
-0.137452
-0.137968
-0.138469
-0.138955
-0.139426
-0.139881
-0.140320
-0.140742
-0.141146
-0.141533
-0.141901
-0.142250
-0.142580
-0.142891
-0.143181
-0.143451
-0.143700
-0.143928
-0.144134
-0.144318
-0.144480
-0.144619
-0.144735
-0.144827
-0.144896
-0.144941
-0.144961
-0.144957
-0.144928
-0.144875
-0.144796
-0.144692
-0.144563
-0.144408
-0.144227
-0.144020
-0.143787
-0.143529
-0.143244
-0.142933
-0.142596
-0.142233
-0.141845
-0.141430
-0.140989
-0.140523
-0.140031
-0.139513
-0.138971
-0.138403
-0.137810
-0.137193
-0.136552
-0.135886
-0.135197
-0.134484
-0.133748
-0.132990
-0.132209
-0.131407
-0.130583
-0.129738
-0.128873
-0.127988
-0.127083
-0.126160
-0.125219
-0.124259
-0.123283
-0.122290
-0.121281
-0.120257
-0.119219
-0.118167
-0.117102
-0.116025
-0.114935
-0.113835
-0.112725
-0.111605
-0.110477
-0.109341
-0.108198
-0.107048
-0.105893
-0.104734
-0.103571
-0.102404
-0.101236
-0.100066
-0.098896
-0.097725
-0.096556
-0.095389
-0.094224
-0.093063
-0.091907
-0.090755
-0.089609
-0.088470
-0.087338
-0.086214
-0.085099
-0.083994
-0.082899
-0.081815
-0.080742
-0.079681
-0.078633
-0.077599
-0.076578
-0.075573
-0.074582
-0.073607
-0.072647
-0.071704
-0.070778
-0.069870
-0.068979
-0.068106
-0.067252
-0.066415
-0.065598
-0.064799
-0.064020
-0.063260
-0.062520
-0.061799
-0.061098
-0.060416
-0.059754
-0.059112
-0.058489
-0.057885
-0.057301
-0.056736
-0.056190
-0.055662
-0.055153
-0.054662
-0.054189
-0.053733
-0.053295
-0.052874
-0.052468
-0.052079
-0.051706
-0.051347
-0.051003
-0.050674
-0.050357
-0.050054
-0.049764
-0.049485
-0.049218
-0.048961
-0.048715
-0.048479
-0.048251
-0.048032
-0.047821
-0.047617
-0.047420
-0.047229
-0.047043
-0.046862
-0.046685
-0.046512
-0.046342
-0.046175
-0.046010
-0.045846
-0.045683
-0.045520
-0.045358
-0.045195
-0.045031
-0.044865
-0.044698
-0.044528
-0.044356
-0.044180
-0.044001
-0.043819
-0.043632
-0.043441
-0.043246
-0.043045
-0.042840
-0.042629
-0.042413
-0.042192
-0.041965
-0.041732
-0.041494
-0.041249
-0.040999
-0.040743
-0.040481
-0.040213
-0.039939
-0.039660
-0.039375
-0.039084
-0.038788
-0.038487
-0.038181
-0.037870
-0.037554
-0.037233
-0.036908
-0.036580
-0.036247
-0.035911
-0.035571
-0.035229
-0.034883
-0.034535
-0.034185
-0.033833
-0.033480
-0.033125
-0.032769
-0.032412
-0.032055
-0.031698
-0.031341
-0.030985
-0.030629
-0.030275
-0.029921
-0.029570
-0.029221
-0.028874
-0.028529
-0.028187
-0.027849
-0.027513
-0.027182
-0.026854
-0.026530
-0.026210
-0.025895
-0.025585
-0.025280
-0.024979
-0.024685
-0.024395
-0.024111
-0.023833
-0.023561
-0.023295
-0.023035
-0.022781
-0.022534
-0.022293
-0.022059
-0.021832
-0.021611
-0.021397
-0.021190
-0.020990
-0.020796
-0.020610
-0.020431
-0.020258
-0.020092
-0.019934
-0.019782
-0.019637
-0.019499
-0.019368
-0.019244
-0.019126
-0.019015
-0.018910
-0.018812
-0.018721
-0.018636
-0.018557
-0.018484
-0.018417
-0.018356
-0.018301
-0.018252
-0.018208
-0.018170
-0.018137
-0.018109
-0.018087
-0.018069
-0.018056
-0.018048
-0.018045
-0.018046
-0.018051
-0.018060
-0.018073
-0.018090
-0.018110
-0.018135
-0.018162
-0.018193
-0.018226
-0.018263
-0.018302
-0.018344
-0.018389
-0.018435
-0.018484
-0.018535
-0.018588
-0.018642
-0.018698
-0.018755
-0.018814
-0.018874
-0.018935
-0.018996
-0.019059
-0.019122
-0.019185
-0.019249
-0.019313
-0.019377
-0.019442
-0.019506
-0.019569
-0.019633
-0.019696
-0.019758
-0.019820
-0.019881
-0.019941
-0.020001
-0.020059
-0.020116
-0.020172
-0.020227
-0.020281
-0.020333
-0.020384
-0.020433
-0.020481
-0.020527
-0.020571
-0.020614
-0.020655
-0.020695
-0.020732
-0.020768
-0.020802
-0.020835
-0.020865
-0.020893
-0.020920
-0.020945
-0.020968
-0.020989
-0.021008
-0.021026
-0.021041
-0.021055
-0.021068
-0.021078
-0.021087
-0.021094
-0.021099
-0.021103
-0.021106
-0.021107
-0.021106
-0.021104
-0.021101
-0.021097
-0.021091
-0.021085
-0.021078
-0.021069
-0.021060
-0.021050
-0.021040
-0.021029
-0.021017
-0.021005
-0.020993
-0.020981
-0.020969
-0.020957
-0.020945
-0.020934
-0.020923
-0.020912
-0.020903
-0.020894
-0.020886
-0.020879
-0.020873
-0.020869
-0.020866
-0.020865
-0.020866
-0.020869
-0.020873
-0.020880
-0.020889
-0.020901
-0.020915
-0.020932
-0.020951
-0.020974
-0.021000
-0.021029
-0.021061
-0.021097
-0.021136
-0.021179
-0.021226
-0.021277
-0.021332
-0.021391
-0.021454
-0.021522
-0.021594
-0.021670
-0.021752
-0.021837
-0.021928
-0.022023
-0.022124
-0.022229
-0.022339
-0.022454
-0.022575
-0.022700
-0.022830
-0.022966
-0.023107
-0.023252
-0.023403
-0.023559
-0.023721
-0.023887
-0.024058
-0.024234
-0.024415
-0.024601
-0.024792
-0.024988
-0.025188
-0.025393
-0.025602
-0.025815
-0.026033
-0.026255
-0.026481
-0.026710
-0.026944
-0.027180
-0.027421
-0.027664
-0.027910
-0.028159
-0.028411
-0.028665
-0.028922
-0.029180
-0.029440
-0.029701
-0.029964
-0.030228
-0.030492
-0.030757
-0.031022
-0.031287
-0.031551
-0.031815
-0.032078
-0.032339
-0.032599
-0.032857
-0.033112
-0.033365
-0.033615
-0.033861
-0.034104
-0.034342
-0.034577
-0.034806
-0.035030
-0.035249
-0.035462
-0.035668
-0.035868
-0.036060
-0.036245
-0.036423
-0.036592
-0.036752
-0.036903
-0.037045
-0.037177
-0.037299
-0.037410
-0.037510
-0.037599
-0.037676
-0.037740
-0.037793
-0.037832
-0.037858
-0.037871
-0.037870
-0.037854
-0.037824
-0.037780
-0.037720
-0.037644
-0.037553
-0.037446
-0.037322
-0.037182
-0.037025
-0.036852
-0.036661
-0.036453
-0.036227
-0.035984
-0.035723
-0.035444
-0.035147
-0.034832
-0.034499
-0.034148
-0.033779
-0.033391
-0.032986
-0.032563
-0.032121
-0.031662
-0.031185
-0.030690
-0.030178
-0.029648
-0.029102
-0.028539
-0.027959
-0.027363
-0.026751
-0.026123
-0.025480
-0.024822
-0.024149
-0.023462
-0.022762
-0.022048
-0.021321
-0.020582
-0.019831
-0.019068
-0.018295
-0.017512
-0.016719
-0.015918
-0.015107
-0.014289
-0.013464
-0.012631
-0.011793
-0.010948
