0.000073
0.000077
0.000082
0.000088
0.000094
0.000100
0.000106
0.000113
0.000120
0.000128
0.000136
0.000145
0.000155
0.000165
0.000175
0.000187
0.000199
0.000212
0.000226
0.000240
0.000256
0.000272
0.000290
0.000309
0.000329
0.000350
0.000373
0.000397
0.000423
0.000450
0.000480
0.000511
0.000544
0.000579
0.000617
0.000657
0.000700
0.000745
0.000793
0.000845
0.000900
0.000958
0.001020
0.001086
0.001157
0.001232
0.001312
0.001397
0.001488
0.001584
0.001687
0.001796
0.001913
0.002037
0.002169
0.002310
0.002460
0.002620
0.002790
0.002971
0.003163
0.003369
0.003587
0.003820
0.004068
0.004332
0.004613
0.004912
0.005231
0.005571
0.005932
0.006317
0.006727
0.007164
0.007628
0.008124
0.008651
0.009212
0.009810
0.010446
0.011124
0.011846
0.012615
0.013433
0.014305
0.015233
0.016222
0.017275
0.018396
0.019589
0.020861
0.022214
0.023656
0.025191
0.026826
0.028566
0.030420
0.032394
0.034496
0.036735
0.039048
0.041305
0.043442
0.045467
0.047388
0.049209
0.050939
0.052582
0.054145
0.055632
0.057049
0.058401
0.059692
0.060926
0.062108
0.063242
0.064331
0.065378
0.066387
0.067360
0.068301
0.069212
0.070096
0.070955
0.071791
0.072606
0.073401
0.074179
0.074940
0.075687
0.076420
0.077141
0.077851
0.078549
0.079238
0.079918
0.080589
0.081252
0.081907
0.082555
0.083195
0.083828
0.084454
0.085074
0.085686
0.086290
0.086888
0.087478
0.088060
0.088635
0.089201
0.089759
0.090308
0.090847
0.091378
0.091898
0.092408
0.092908
0.093396
0.093874
0.094340
0.094793
0.095235
0.095664
0.096081
0.096484
0.096874
0.097251
0.097614
0.097964
0.098300
0.098622
0.098930
0.099225
0.099506
0.099773
0.100027
0.100268
0.100496
0.100711
0.100914
0.101105
0.101284
0.101453
0.101611
0.101759
0.101898
0.102028
0.102150
0.102265
0.102373
0.102476
0.102574
0.102668
0.102759
0.102848
0.102936
0.103024
0.103113
0.103204
0.103298
0.103397
0.103501
0.103612
0.103731
0.103858
0.103997
0.104146
0.104309
0.104485
0.104677
0.104885
0.105111
0.105356
0.105621
0.105907
0.106217
0.106550
0.106908
0.107293
0.107705
0.108145
0.108616
0.109117
0.109650
0.110215
0.110815
0.111449
0.112119
0.112826
0.113570
0.114352
0.115174
0.116034
0.116935
0.117877
0.118861
0.119886
0.120953
0.122063
0.123216
0.124412
0.125652
0.126934
0.128261
0.129630
0.131043
0.132499
0.133998
0.135539
0.137123
0.138748
0.140415
0.142121
0.143868
0.145654
0.147478
0.149339
0.151236
0.153169
0.155135
0.157135
0.159166
0.161227
0.163316
0.165433
0.167575
0.169742
0.171930
0.174138
0.176365
0.178609
0.180867
0.183138
0.185418
0.187707
0.190002
0.192301
0.194601
0.196899
0.199195
0.201484
0.203765
0.206034
0.208290
0.210530
0.212751
0.214951
0.217126
0.219275
0.221394
0.223480
0.225532
0.227546
0.229520
0.231451
0.233336
0.235173
0.236958
0.238690
0.240366
0.241983
0.243539
0.245031
0.246457
0.247814
0.249100
0.250314
0.251452
0.252513
0.253495
0.254395
0.255212
0.255943
0.256588
0.257145
0.257612
0.257987
0.258270
0.258459
0.258553
0.258551
0.258453
0.258256
0.257961
0.257568
0.257075
0.256483
0.255791
0.255000
0.254109
0.253118
0.252029
0.250841
0.249555
0.248172
0.246692
0.245117
0.243448
0.241686
0.239832
0.237888
0.235855
0.233735
0.231531
0.229243
0.226874
0.224426
0.221901
0.219302
0.216631
0.213890
0.211082
0.208211
0.205277
0.202286
0.199238
0.196138
0.192987
0.189790
0.186549
0.183267
0.179948
0.176594
0.173208
0.169795
0.166356
0.162896
0.159416
0.155921
0.152413
0.148895
0.145371
0.141842
0.138313
0.134785
0.131262
0.127746
0.124239
0.120745
0.117265
0.113801
0.110356
0.106932
0.103530
0.100152
0.096801
0.093476
0.090180
0.086914
0.083678
0.080474
0.077302
0.074163
0.071056
0.067983
0.064942
0.061935
0.058959
0.056016
0.053103
0.050220
0.047367
0.044540
0.041740
0.038965
0.036211
0.033479
0.030764
0.028065
0.025380
0.022705
0.020037
0.017375
0.014713
0.012050
0.009381
0.006704
0.004013
0.001306
-0.001422
-0.004174
-0.006955
-0.009770
-0.012622
-0.015515
-0.018455
-0.021446
-0.024492
-0.027598
-0.030769
-0.034008
-0.037322
-0.040713
-0.044188
-0.047750
-0.051403
-0.055153
-0.059004
-0.062959
-0.067023
-0.071200
-0.075494
-0.079909
-0.084448
-0.089115
-0.093913
-0.098845
-0.103914
-0.109124
-0.114476
-0.119972
-0.125616
-0.131408
-0.137351
-0.143445
-0.149692
-0.156093
-0.162647
-0.169356
-0.176219
-0.183235
-0.190405
-0.197726
-0.205198
-0.212819
-0.220587
-0.228499
-0.236554
-0.244747
-0.253075
-0.261536
-0.270124
-0.278835
-0.287665
-0.296608
-0.305659
-0.314812
-0.324062
-0.333401
-0.342823
-0.352321
-0.361887
-0.371515
-0.381194
-0.390919
-0.400679
-0.410467
-0.420272
-0.430086
-0.439899
-0.449702
-0.459483
-0.469233
-0.478942
-0.488599
-0.498193
-0.507713
-0.517148
-0.526487
-0.535719
-0.544832
-0.553814
-0.562655
-0.571343
-0.579866
-0.588213
-0.596372
-0.604331
-0.612080
-0.619606
-0.626899
-0.633947
-0.640740
-0.647266
-0.653514
-0.659474
-0.665137
-0.670490
-0.675525
-0.680232
-0.684601
-0.688624
-0.692291
-0.695594
-0.698525
-0.701076
-0.703239
-0.705008
-0.706375
-0.707335
-0.707881
-0.708008
-0.707711
-0.706985
-0.705827
-0.704232
-0.702198
-0.699721
-0.696800
-0.693433
-0.689619
-0.685356
-0.680646
-0.675488
-0.669882
-0.663832
-0.657338
-0.650402
-0.643029
-0.635221
-0.626982
-0.618318
-0.609232
-0.599731
-0.589821
-0.579508
-0.568799
-0.557703
-0.546226
-0.534377
-0.522165
-0.509600
-0.496692
-0.483450
-0.469886
-0.456009
-0.441833
-0.427367
-0.412626
-0.397620
-0.382363
-0.366867
-0.351147
-0.335215
-0.319086
-0.302773
-0.286291
-0.269654
-0.252876
-0.235974
-0.218960
-0.201851
-0.184662
-0.167407
-0.150102
-0.132761
-0.115401
-0.098036
-0.080682
-0.063353
-0.046064
-0.028831
-0.011669
0.005409
0.022388
0.039253
0.055990
0.072585
0.089025
0.105296
0.121385
0.137279
0.152966
0.168433
0.183669
0.198661
0.213399
0.227871
0.242068
0.255978
0.269593
0.282902
0.295898
0.308572
0.320915
0.332920
0.344580
0.355889
0.366840
0.377427
0.387645
0.397490
0.406958
0.416043
0.424744
0.433056
0.440979
0.448509
0.455645
0.462388
0.468735
0.474686
0.480244
0.485407
0.490178
0.494557
0.498549
0.502154
0.505376
0.508218
0.510684
0.512778
0.514505
0.515870
0.516878
0.517534
0.517844
0.517814
0.517452
0.516763
0.515754
0.514434
0.512809
0.510888
0.508677
0.506186
0.503423
0.500396
0.497113
0.493584
0.489818
0.485823
0.481609
0.477184
0.472559
0.467741
0.462742
0.457569
0.452233
0.446743
0.441107
0.435336
0.429439
0.423424
0.417302
0.411080
0.404769
0.398376
0.391911
0.385382
0.378798
0.372167
0.365498
0.358798
0.352075
0.345337
0.338591
0.331846
0.325107
0.318383
0.311679
0.305003
0.298360
0.291757
0.285200
0.278694
0.272245
0.265858
0.259538
0.253289
0.247117
0.241026
0.235020
0.229102
0.223276
0.217546
0.211915
0.206385
0.200960
0.195642
0.190433
0.185335
0.180351
0.175481
0.170728
0.166093
0.161576
0.157179
0.152902
0.148745
0.144710
0.140796
0.137004
0.133332
0.129782
0.126352
0.123041
0.119850
0.116777
0.113822
0.110982
0.108258
0.105648
0.103150
0.100762
0.098484
0.096314
0.094250
0.092290
0.090432
0.088674
0.087015
0.085452
0.083983
0.082607
0.081320
0.080122
0.079009
0.077980
0.077032
0.076163
0.075372
0.074655
0.074010
0.073436
0.072930
0.072490
0.072114
0.071799
0.071544
0.071347
0.071205
0.071116
0.071079
0.071091
0.071151
0.071256
0.071406
0.071598
0.071830
0.072100
0.072408
0.072751
0.073128
0.073538
0.073979
0.074449
0.074947
0.075472
0.076023
0.076598
0.077197
0.077818
0.078460
0.079122
0.079803
0.080502
0.081219
0.081952
0.082700
0.083464
0.084241
0.085032
0.085836
0.086652
0.087479
0.088317
0.089165
0.090023
0.090891
0.091767
0.092651
0.093543
0.094442
0.095348
0.096260
0.097178
0.098101
0.099029
0.099962
0.100898
0.101838
0.102781
0.103727
0.104674
0.105622
0.106572
0.107521
0.108470
0.109417
0.110363
0.111306
0.112245
0.113180
0.114110
0.115034
0.115951
0.116860
0.117760
0.118650
0.119528
0.120394
0.121246
0.122084
0.122905
0.123708
0.124491
0.125254
0.125995
0.126712
0.127403
0.128066
0.128701
0.129304
0.129875
0.130410
0.130909
0.131368
0.131787
0.132163
0.132493
0.132776
0.133009
0.133191
0.133318
0.133389
0.133400
0.133351
0.133239
0.133060
0.132814
0.132497
0.132108
0.131643
0.131102
0.130481
0.129778
0.128992
0.128120
0.127161
0.126112
0.124971
0.123738
0.122409
0.120985
0.119462
0.117841
0.116120
0.114297
0.112373
0.110346
0.108217
0.105984
0.103648
0.101209
0.098668
0.096024
0.093280
0.090436
0.087494
0.084456
0.081323
0.078099
0.074787
0.071388
0.067908
0.064350
0.060719
0.057091
0.053612
0.050345
0.047277
0.044396
0.041691
0.039150
0.036765
0.034524
0.032421
0.030445
0.028590
0.026848
0.025212
0.023675
0.022233
0.020878
0.019606
0.018411
0.017289
0.016236
0.015246
0.014317
0.013445
0.012626
0.011856
0.011134
0.010456
0.009819
0.009220
0.008659
0.008131
0.007636
0.007171
0.006734
0.006324
0.005938
0.005577
0.005237
0.004918
0.004619
0.004337
0.004073
0.003825
0.003592
0.003374
0.003168
0.002976
0.002795
0.002625
0.002465
0.002315
0.002175
0.002043
0.001919
0.001802
0.001693
0.001590
0.001494
0.001404
0.001319
0.001239
0.001164
0.001094
0.001029
0.000967
0.000909
0.000855
0.000804
0.000756
0.000711
0.000669
0.000630
0.000593
0.000559
0.000526
0.000496
0.000468
0.000442
0.000417
0.000394
0.000373
0.000353
0.000334
0.000317
0.000301
0.000286
0.000273
0.000260
0.000248
0.000238
0.000228
0.000220
0.000212
0.000205
0.000199
0.000193
0.000189
0.000185
0.000181
0.000179
