-0.000192
-0.000205
-0.000218
-0.000232
-0.000247
-0.000263
-0.000280
-0.000299
-0.000318
-0.000339
-0.000360
-0.000384
-0.000409
-0.000435
-0.000464
-0.000494
-0.000526
-0.000560
-0.000596
-0.000635
-0.000676
-0.000720
-0.000767
-0.000816
-0.000869
-0.000926
-0.000986
-0.001050
-0.001118
-0.001190
-0.001268
-0.001350
-0.001437
-0.001531
-0.001630
-0.001736
-0.001849
-0.001968
-0.002096
-0.002232
-0.002377
-0.002531
-0.002696
-0.002871
-0.003057
-0.003255
-0.003466
-0.003691
-0.003931
-0.004186
-0.004458
-0.004747
-0.005055
-0.005383
-0.005732
-0.006104
-0.006500
-0.006922
-0.007371
-0.007850
-0.008359
-0.008901
-0.009479
-0.010094
-0.010749
-0.011447
-0.012190
-0.012981
-0.013823
-0.014720
-0.015675
-0.016692
-0.017776
-0.018929
-0.020157
-0.021465
-0.022858
-0.024342
-0.025921
-0.027603
-0.029395
-0.031302
-0.033333
-0.035496
-0.037800
-0.040253
-0.042865
-0.045646
-0.048608
-0.051763
-0.055122
-0.058698
-0.062508
-0.066564
-0.070883
-0.075483
-0.080381
-0.085597
-0.091152
-0.097067
-0.103229
-0.109387
-0.115417
-0.121327
-0.127124
-0.132815
-0.138408
-0.143908
-0.149320
-0.154652
-0.159907
-0.165091
-0.170207
-0.175261
-0.180256
-0.185196
-0.190084
-0.194924
-0.199718
-0.204470
-0.209181
-0.213856
-0.218495
-0.223102
-0.227677
-0.232223
-0.236743
-0.241236
-0.245706
-0.250153
-0.254579
-0.258985
-0.263371
-0.267741
-0.272093
-0.276430
-0.280751
-0.285059
-0.289353
-0.293634
-0.297904
-0.302161
-0.306408
-0.310645
-0.314871
-0.319088
-0.323296
-0.327495
-0.331686
-0.335868
-0.340043
-0.344210
-0.348369
-0.352521
-0.356666
-0.360804
-0.364935
-0.369060
-0.373178
-0.377289
-0.381394
-0.385493
-0.389585
-0.393671
-0.397751
-0.401824
-0.405891
-0.409952
-0.414006
-0.418054
-0.422096
-0.426131
-0.430159
-0.434182
-0.438197
-0.442206
-0.446208
-0.450203
-0.454191
-0.458173
-0.462147
-0.466114
-0.470073
-0.474026
-0.477970
-0.481908
-0.485837
-0.489759
-0.493672
-0.497578
-0.501475
-0.505364
-0.509245
-0.513117
-0.516980
-0.520835
-0.524681
-0.528517
-0.532345
-0.536163
-0.539971
-0.543770
-0.547560
-0.551339
-0.555108
-0.558868
-0.562617
-0.566355
-0.570083
-0.573801
-0.577507
-0.581203
-0.584888
-0.588561
-0.592223
-0.595873
-0.599512
-0.603139
-0.606754
-0.610358
-0.613948
-0.617527
-0.621093
-0.624647
-0.628188
-0.631715
-0.635230
-0.638732
-0.642221
-0.645696
-0.649157
-0.652605
-0.656039
-0.659460
-0.662866
-0.666258
-0.669635
-0.672998
-0.676347
-0.679680
-0.682999
-0.686303
-0.689592
-0.692865
-0.696123
-0.699366
-0.702593
-0.705804
-0.709000
-0.712179
-0.715342
-0.718489
-0.721620
-0.724734
-0.727831
-0.730912
-0.733976
-0.737022
-0.740052
-0.743064
-0.746060
-0.749037
-0.751997
-0.754940
-0.757864
-0.760771
-0.763659
-0.766530
-0.769382
-0.772216
-0.775031
-0.777828
-0.780605
-0.783365
-0.786105
-0.788826
-0.791528
-0.794211
-0.796874
-0.799518
-0.802142
-0.804747
-0.807332
-0.809896
-0.812441
-0.814966
-0.817471
-0.819956
-0.822420
-0.824863
-0.827286
-0.829689
-0.832070
-0.834431
-0.836771
-0.839089
-0.841387
-0.843663
-0.845918
-0.848152
-0.850364
-0.852555
-0.854724
-0.856871
-0.858996
-0.861100
-0.863181
-0.865240
-0.867278
-0.869292
-0.871285
-0.873255
-0.875203
-0.877128
-0.879031
-0.880910
-0.882767
-0.884602
-0.886413
-0.888201
-0.889966
-0.891708
-0.893427
-0.895123
-0.896795
-0.898443
-0.900069
-0.901671
-0.903249
-0.904803
-0.906334
-0.907841
-0.909324
-0.910783
-0.912218
-0.913630
-0.915017
-0.916380
-0.917719
-0.919033
-0.920324
-0.921590
-0.922831
-0.924048
-0.925241
-0.926409
-0.927553
-0.928671
-0.929766
-0.930835
-0.931880
-0.932900
-0.933895
-0.934865
-0.935811
-0.936731
-0.937627
-0.938497
-0.939342
-0.940163
-0.940958
-0.941728
-0.942472
-0.943192
-0.943886
-0.944555
-0.945199
-0.945817
-0.946411
-0.946978
-0.947521
-0.948037
-0.948529
-0.948995
-0.949436
-0.949851
-0.950240
-0.950604
-0.950943
-0.951256
-0.951543
-0.951805
-0.952041
-0.952252
-0.952437
-0.952596
-0.952730
-0.952838
-0.952921
-0.952978
-0.953009
-0.953015
-0.952995
-0.952949
-0.952878
-0.952781
-0.952659
-0.952511
-0.952337
-0.952138
-0.951913
-0.951662
-0.951386
-0.951085
-0.950757
-0.950405
-0.950026
-0.949623
-0.949193
-0.948739
-0.948259
-0.947753
-0.947222
-0.946665
-0.946084
-0.945476
-0.944844
-0.944186
-0.943503
-0.942795
-0.942061
-0.941302
-0.940518
-0.939709
-0.938875
-0.938016
-0.937131
-0.936222
-0.935288
-0.934328
-0.933344
-0.932335
-0.931302
-0.930243
-0.929160
-0.928052
-0.926919
-0.925762
-0.924580
-0.923374
-0.922143
-0.920888
-0.919608
-0.918305
-0.916977
-0.915624
-0.914248
-0.912847
-0.911423
-0.909974
-0.908501
-0.907005
-0.905485
-0.903941
-0.902373
-0.900782
-0.899167
-0.897529
-0.895867
-0.894182
-0.892473
-0.890742
-0.888987
-0.887209
-0.885408
-0.883584
-0.881737
-0.879867
-0.877975
-0.876059
-0.874122
-0.872162
-0.870179
-0.868174
-0.866147
-0.864097
-0.862025
-0.859932
-0.857816
-0.855679
-0.853519
-0.851338
-0.849136
-0.846912
-0.844666
-0.842399
-0.840111
-0.837802
-0.835471
-0.833120
-0.830747
-0.828354
-0.825940
-0.823506
-0.821051
-0.818576
-0.816080
-0.813564
-0.811028
-0.808472
-0.805896
-0.803300
-0.800684
-0.798049
-0.795394
-0.792720
-0.790027
-0.787314
-0.784583
-0.781832
-0.779062
-0.776274
-0.773467
-0.770642
-0.767798
-0.764935
-0.762055
-0.759156
-0.756240
-0.753306
-0.750353
-0.747384
-0.744396
-0.741392
-0.738370
-0.735331
-0.732274
-0.729201
-0.726112
-0.723005
-0.719882
-0.716742
-0.713587
-0.710415
-0.707227
-0.704023
-0.700803
-0.697567
-0.694316
-0.691050
-0.687768
-0.684471
-0.681160
-0.677833
-0.674491
-0.671135
-0.667764
-0.664379
-0.660980
-0.657567
-0.654139
-0.650698
-0.647243
-0.643775
-0.640293
-0.636798
-0.633289
-0.629768
-0.626234
-0.622687
-0.619127
-0.615556
-0.611971
-0.608375
-0.604766
-0.601146
-0.597514
-0.593870
-0.590215
-0.586549
-0.582871
-0.579183
-0.575483
-0.571773
-0.568052
-0.564321
-0.560579
-0.556828
-0.553066
-0.549295
-0.545513
-0.541723
-0.537923
-0.534113
-0.530295
-0.526467
-0.522631
-0.518786
-0.514933
-0.511071
-0.507202
-0.503324
-0.499438
-0.495545
-0.491644
-0.487735
-0.483819
-0.479897
-0.475967
-0.472030
-0.468087
-0.464137
-0.460181
-0.456219
-0.452251
-0.448277
-0.444297
-0.440312
-0.436321
-0.432325
-0.428324
-0.424318
-0.420307
-0.416292
-0.412272
-0.408248
-0.404220
-0.400188
-0.396152
-0.392112
-0.388069
-0.384023
-0.379973
-0.375921
-0.371865
-0.367807
-0.363747
-0.359684
-0.355619
-0.351551
-0.347482
-0.343411
-0.339339
-0.335265
-0.331190
-0.327114
-0.323037
-0.318959
-0.314880
-0.310802
-0.306722
-0.302643
-0.298564
-0.294485
-0.290406
-0.286328
-0.282251
-0.278174
-0.274099
-0.270024
-0.265951
-0.261880
-0.257810
-0.253742
-0.249675
-0.245611
-0.241550
-0.237490
-0.233434
-0.229380
-0.225329
-0.221281
-0.217237
-0.213196
-0.209158
-0.205124
-0.201094
-0.197068
-0.193047
-0.189029
-0.185017
-0.181009
-0.177005
-0.173007
-0.169014
-0.165026
-0.161044
-0.157067
-0.153097
-0.149132
-0.145173
-0.141221
-0.137274
-0.133335
-0.129402
-0.125476
-0.121557
-0.117646
-0.113741
-0.109845
-0.105955
-0.102074
-0.098201
-0.094335
-0.090478
-0.086630
-0.082790
-0.078959
-0.075136
-0.071323
-0.067519
-0.063724
-0.059938
-0.056163
-0.052397
-0.048641
-0.044895
-0.041159
-0.037434
-0.033719
-0.030014
-0.026321
-0.022639
-0.018967
-0.015307
-0.011659
-0.008022
-0.004396
-0.000782
0.002819
0.006409
0.009986
0.013551
0.017103
0.020643
0.024170
0.027684
0.031184
0.034672
0.038146
0.041607
0.045054
0.048487
0.051906
0.055312
0.058703
0.062079
0.065441
0.068789
0.072122
0.075440
0.078743
0.082031
0.085304
0.088561
0.091802
0.095028
0.098239
0.101433
0.104611
0.107773
0.110919
0.114048
0.117161
0.120257
0.123337
0.126399
0.129444
0.132472
0.135483
0.138476
0.141452
0.144410
0.147350
0.150272
0.153177
0.156063
0.158930
0.161779
0.164610
0.167422
0.170215
0.172990
0.175745
0.178481
0.181197
0.183895
0.186572
0.189230
0.191868
0.194487
0.197085
0.199663
0.202220
0.204758
0.207274
0.209770
0.212245
0.214699
0.217132
0.219544
0.221934
0.224303
0.226650
0.228975
0.231278
0.233559
0.235818
0.238054
0.240268
0.242459
0.244626
0.246771
0.248893
0.250991
0.253065
0.255115
0.257142
0.259144
0.261121
0.263074
0.265001
0.266904
0.268781
0.270632
0.272457
0.274256
0.276028
0.277774
0.279491
0.281182
0.282844
0.284478
0.286083
0.287659
0.289206
0.290722
0.292207
0.293662
0.295084
0.296475
0.297832
0.299157
0.300446
0.301701
0.302920
0.304103
0.305248
0.306355
0.307422
0.308450
0.309435
0.310379
0.311278
0.312132
0.312940
0.313700
0.314410
0.315070
0.315676
0.316227
0.316722
0.317158
0.317532
0.317843
0.318088
0.318264
0.318368
0.318397
0.318349
0.318219
0.318004
0.317699
0.317302
0.316806
0.316208
0.315503
0.314685
0.313748
0.312686
0.311494
0.310163
0.308687
0.307058
0.305268
0.303307
0.301167
0.298837
0.296306
0.293564
0.290598
0.287396
0.283943
0.280225
0.276226
0.271930
0.267320
0.262376
0.257079
0.251407
0.245338
0.238847
0.231908
0.224496
0.216579
0.208128
0.199109
0.189487
0.179225
0.168630
0.158354
0.148704
0.139643
0.131133
0.123142
0.115639
0.108592
0.101975
0.095761
0.089925
0.084446
0.079300
0.074468
0.069930
0.065669
0.061667
0.057909
0.054381
0.051067
0.047955
0.045033
0.042289
0.039712
0.037293
0.035020
0.032886
0.030883
0.029001
0.027234
0.025575
0.024017
0.022554
0.021180
0.019889
0.018678
0.017540
0.016472
0.015468
0.014526
0.013642
0.012811
0.012031
0.011299
0.010611
0.009965
0.009359
0.008789
0.008255
0.007753
0.007281
0.006839
0.006423
0.006033
0.005667
0.005323
0.005000
0.004697
0.004413
0.004146
0.003895
0.003660
0.003439
0.003232
0.003038
0.002856
0.002685
0.002524
0.002374
0.002233
0.002101
0.001977
0.001861
0.001752
0.001650
0.001555
0.001466
0.001382
0.001304
0.001232
0.001164
0.001101
0.001042
0.000987
0.000936
0.000889
0.000845
0.000805
0.000768
0.000734
0.000703
0.000674
0.000649
0.000625
0.000605
0.000586
0.000571
0.000557
0.000545
0.000536
0.000529
