-0.326400
-0.326526
-0.326578
-0.326556
-0.326459
-0.326287
-0.326039
-0.325715
-0.325315
-0.324839
-0.324286
-0.323658
-0.322954
-0.322176
-0.321323
-0.320398
-0.319400
-0.318332
-0.317194
-0.315988
-0.314716
-0.313379
-0.311980
-0.310521
-0.309003
-0.307430
-0.305804
-0.304128
-0.302403
-0.300634
-0.298824
-0.296975
-0.295091
-0.293175
-0.291231
-0.289263
-0.287273
-0.285267
-0.283247
-0.281218
-0.279183
-0.277147
-0.275114
-0.273088
-0.271073
-0.269073
-0.267093
-0.265136
-0.263208
-0.261311
-0.259452
-0.257632
-0.255858
-0.254133
-0.252460
-0.250845
-0.249291
-0.247802
-0.246382
-0.245034
-0.243763
-0.242571
-0.241463
-0.240441
-0.239509
-0.238670
-0.237927
-0.237283
-0.236740
-0.236302
-0.235970
-0.235747
-0.235634
-0.235634
-0.235749
-0.235980
-0.236329
-0.236796
-0.237384
-0.238092
-0.238921
-0.239873
-0.240947
-0.242143
-0.243462
-0.244904
-0.246467
-0.248152
-0.249957
-0.251882
-0.253926
-0.256087
-0.258364
-0.260756
-0.263260
-0.265875
-0.268599
-0.271429
-0.274364
-0.277400
-0.280536
-0.283768
-0.287093
-0.290510
-0.294014
-0.297603
-0.301272
-0.305020
-0.308843
-0.312737
-0.316698
-0.320723
-0.324809
-0.328951
-0.333147
-0.337392
-0.341683
-0.346015
-0.350386
-0.354791
-0.359227
-0.363689
-0.368176
-0.372682
-0.377204
-0.381738
-0.386282
-0.390831
-0.395383
-0.399933
-0.404479
-0.409018
-0.413547
-0.418062
-0.422561
-0.427041
-0.431499
-0.435933
-0.440341
-0.444719
-0.449066
-0.453380
-0.457659
-0.461901
-0.466104
-0.470266
-0.474387
-0.478465
-0.482497
-0.486485
-0.490426
-0.494319
-0.498164
-0.501961
-0.505708
-0.509405
-0.513053
-0.516650
-0.520197
-0.523694
-0.527140
-0.530537
-0.533885
-0.537183
-0.540432
-0.543634
-0.546788
-0.549895
-0.552957
-0.555973
-0.558945
-0.561874
-0.564760
-0.567605
-0.570410
-0.573176
-0.575904
-0.578595
-0.581250
-0.583871
-0.586458
-0.589013
-0.591537
-0.594030
-0.596496
-0.598933
-0.601344
-0.603729
-0.606091
-0.608428
-0.610743
-0.613037
-0.615310
-0.617563
-0.619798
-0.622014
-0.624213
-0.626394
-0.628560
-0.630710
-0.632845
-0.634965
-0.637070
-0.639162
-0.641239
-0.643303
-0.645353
-0.647390
-0.649413
-0.651423
-0.653419
-0.655401
-0.657369
-0.659323
-0.661262
-0.663185
-0.665094
-0.666986
-0.668862
-0.670721
-0.672562
-0.674385
-0.676190
-0.677974
-0.679739
-0.681482
-0.683203
-0.684903
-0.686578
-0.688230
-0.689857
-0.691458
-0.693033
-0.694580
-0.696100
-0.697591
-0.699052
-0.700483
-0.701883
-0.703252
-0.704588
-0.705891
-0.707161
-0.708396
-0.709597
-0.710763
-0.711893
-0.712987
-0.714044
-0.715065
-0.716049
-0.716996
-0.717906
-0.718777
-0.719612
-0.720409
-0.721168
-0.721890
-0.722574
-0.723221
-0.723832
-0.724406
-0.724944
-0.725446
-0.725912
-0.726344
-0.726742
-0.727106
-0.727438
-0.727737
-0.728004
-0.728241
-0.728449
-0.728627
-0.728777
-0.728901
-0.728998
-0.729071
-0.729119
-0.729145
-0.729148
-0.729132
-0.729095
-0.729041
-0.728969
-0.728882
-0.728780
-0.728664
-0.728536
-0.728397
-0.728248
-0.728091
-0.727926
-0.727756
-0.727580
-0.727400
-0.727218
-0.727035
-0.726851
-0.726668
-0.726488
-0.726310
-0.726136
-0.725968
-0.725806
-0.725651
-0.725504
-0.725366
-0.725239
-0.725122
-0.725017
-0.724924
-0.724845
-0.724779
-0.724728
-0.724693
-0.724673
-0.724670
-0.724684
-0.724715
-0.724765
-0.724833
-0.724919
-0.725025
-0.725151
-0.725296
-0.725461
-0.725647
-0.725853
-0.726080
-0.726327
-0.726595
-0.726884
-0.727194
-0.727525
-0.727876
-0.728249
-0.728642
-0.729055
-0.729489
-0.729943
-0.730417
-0.730911
-0.731424
-0.731957
-0.732508
-0.733078
-0.733666
-0.734273
-0.734896
-0.735537
-0.736195
-0.736869
-0.737559
-0.738264
-0.738984
-0.739718
-0.740466
-0.741228
-0.742002
-0.742789
-0.743587
-0.744396
-0.745215
-0.746045
-0.746883
-0.747730
-0.748585
-0.749447
-0.750315
-0.751189
-0.752068
-0.752951
-0.753838
-0.754728
-0.755619
-0.756512
-0.757405
-0.758297
-0.759189
-0.760078
-0.760964
-0.761846
-0.762724
-0.763596
-0.764461
-0.765319
-0.766168
-0.767008
-0.767838
-0.768656
-0.769463
-0.770256
-0.771035
-0.771799
-0.772546
-0.773277
-0.773989
-0.774683
-0.775356
-0.776008
-0.776638
-0.777245
-0.777827
-0.778385
-0.778917
-0.779421
-0.779898
-0.780346
-0.780764
-0.781151
-0.781507
-0.781830
-0.782120
-0.782376
-0.782597
-0.782782
-0.782930
-0.783042
-0.783115
-0.783150
-0.783146
-0.783102
-0.783017
-0.782892
-0.782726
-0.782517
-0.782267
-0.781975
-0.781640
-0.781261
-0.780840
-0.780376
-0.779868
-0.779317
-0.778723
-0.778085
-0.777404
-0.776681
-0.775915
-0.775106
-0.774255
-0.773363
-0.772430
-0.771455
-0.770441
-0.769388
-0.768295
-0.767165
-0.765997
-0.764792
-0.763552
-0.762278
-0.760969
-0.759628
-0.758255
-0.756851
-0.755418
-0.753956
-0.752468
-0.750953
-0.749413
-0.747850
-0.746265
-0.744659
-0.743033
-0.741389
-0.739728
-0.738051
-0.736360
-0.734656
-0.732940
-0.731214
-0.729479
-0.727736
-0.725987
-0.724232
-0.722474
-0.720713
-0.718950
-0.717187
-0.715424
-0.713664
-0.711906
-0.710152
-0.708402
-0.706658
-0.704920
-0.703190
-0.701467
-0.699752
-0.698047
-0.696351
-0.694665
-0.692989
-0.691324
-0.689670
-0.688026
-0.686394
-0.684773
-0.683162
-0.681563
-0.679974
-0.678395
-0.676826
-0.675267
-0.673716
-0.672174
-0.670639
-0.669111
-0.667589
-0.666072
-0.664560
-0.663050
-0.661542
-0.660036
-0.658529
-0.657020
-0.655508
-0.653992
-0.652470
-0.650941
-0.649403
-0.647855
-0.646295
-0.644722
-0.643133
-0.641528
-0.639905
-0.638261
-0.636596
-0.634907
-0.633193
-0.631453
-0.629684
-0.627884
-0.626053
-0.624189
-0.622290
-0.620354
-0.618380
-0.616366
-0.614312
-0.612215
-0.610075
-0.607889
-0.605658
-0.603379
-0.601052
-0.598675
-0.596249
-0.593770
-0.591241
-0.588658
-0.586022
-0.583333
-0.580589
-0.577791
-0.574939
-0.572031
-0.569069
-0.566053
-0.562981
-0.559856
-0.556677
-0.553444
-0.550159
-0.546822
-0.543434
-0.539996
-0.536508
-0.532973
-0.529391
-0.525764
-0.522092
-0.518378
-0.514624
-0.510830
-0.506999
-0.503134
-0.499234
-0.495304
-0.491345
-0.487359
-0.483348
-0.479316
-0.475264
-0.471195
-0.467112
-0.463017
-0.458913
-0.454803
-0.450689
-0.446574
-0.442462
-0.438354
-0.434254
-0.430166
-0.426091
-0.422032
-0.417994
-0.413977
-0.409987
-0.406025
-0.402094
-0.398197
-0.394338
-0.390518
-0.386741
-0.383010
-0.379327
-0.375695
-0.372116
-0.368593
-0.365128
-0.361725
-0.358385
-0.355110
-0.351903
-0.348766
-0.345700
-0.342709
-0.339793
-0.336955
-0.334196
-0.331517
-0.328921
-0.326408
-0.323980
-0.321638
-0.319383
-0.317216
-0.315137
-0.313149
-0.311250
-0.309442
-0.307725
-0.306099
-0.304564
-0.303121
-0.301770
-0.300510
-0.299340
-0.298262
-0.297273
-0.296374
-0.295564
-0.294842
-0.294207
-0.293657
-0.293193
-0.292813
-0.292515
-0.292298
-0.292161
-0.292102
-0.292120
-0.292212
-0.292377
-0.292613
-0.292919
-0.293292
-0.293730
-0.294231
-0.294793
-0.295414
-0.296092
-0.296824
-0.297607
-0.298441
-0.299321
-0.300247
-0.301214
-0.302222
-0.303267
-0.304347
-0.305460
-0.306602
-0.307773
-0.308968
-0.310186
-0.311424
-0.312679
-0.313950
-0.315234
-0.316528
-0.317830
-0.319138
-0.320450
-0.321763
-0.323075
-0.324383
-0.325687
-0.326983
-0.328270
-0.329545
-0.330808
-0.332055
-0.333285
-0.334496
-0.335687
-0.336856
-0.338002
-0.339122
-0.340216
-0.341282
-0.342319
-0.343326
-0.344301
-0.345243
-0.346151
-0.347025
-0.347864
-0.348666
-0.349431
-0.350158
-0.350846
-0.351496
-0.352107
-0.352677
-0.353208
-0.353698
-0.354147
-0.354556
-0.354923
-0.355250
-0.355536
-0.355781
-0.355985
-0.356149
-0.356273
-0.356357
-0.356402
-0.356407
-0.356374
-0.356302
-0.356193
-0.356047
-0.355864
-0.355646
-0.355393
-0.355105
-0.354783
-0.354429
-0.354043
-0.353625
-0.353178
-0.352701
-0.352195
-0.351662
-0.351102
-0.350516
-0.349906
-0.349271
-0.348614
-0.347935
-0.347236
-0.346516
-0.345777
-0.345021
-0.344248
-0.343459
-0.342655
-0.341836
-0.341005
-0.340162
-0.339308
-0.338444
-0.337570
-0.336688
-0.335799
-0.334903
-0.334001
-0.333095
-0.332184
-0.331270
-0.330354
-0.329436
-0.328517
-0.327598
-0.326679
-0.325761
-0.324845
-0.323932
-0.323021
-0.322114
-0.321211
-0.320312
-0.319419
-0.318531
-0.317649
-0.316773
-0.315904
-0.315043
-0.314189
-0.313342
-0.312504
-0.311674
-0.310853
-0.310040
-0.309237
-0.308443
-0.307658
-0.306882
-0.306116
-0.305360
-0.304613
-0.303876
-0.303149
-0.302431
-0.301723
-0.301025
-0.300337
-0.299657
-0.298988
-0.298327
-0.297676
-0.297033
-0.296399
-0.295774
-0.295158
-0.294549
-0.293949
-0.293356
-0.292771
-0.292194
-0.291623
-0.291059
-0.290501
-0.289950
-0.289404
-0.288864
-0.288329
-0.287800
-0.287274
-0.286754
-0.286237
-0.285723
-0.285214
-0.284707
-0.284202
-0.283701
-0.283201
-0.282703
-0.282206
-0.281711
-0.281216
-0.280722
-0.280228
-0.279734
-0.279240
-0.278745
-0.278249
-0.277753
-0.277255
-0.276756
-0.276255
-0.275752
-0.275247
-0.274740
-0.274231
-0.273719
-0.273206
-0.272689
-0.272170
-0.271649
-0.271125
-0.270598
-0.270069
-0.269538
-0.269004
-0.268469
-0.267931
-0.267391
-0.266850
-0.266308
-0.265764
-0.265220
-0.264675
-0.264131
-0.263586
-0.263042
-0.262500
-0.261959
-0.261420
-0.260884
-0.260351
-0.259822
-0.259298
-0.258778
-0.258265
-0.257758
-0.257258
-0.256767
-0.256284
-0.255810
-0.255347
-0.254896
-0.254456
-0.254030
-0.253617
-0.253219
-0.252837
-0.252472
-0.252125
-0.251796
-0.251486
-0.251197
-0.250930
-0.250685
-0.250464
-0.250267
-0.250096
-0.249951
-0.249833
-0.249744
-0.249683
-0.249653
-0.249654
-0.249686
-0.249751
-0.249849
-0.249981
-0.250148
-0.250351
-0.250589
-0.250865
-0.251177
-0.251528
-0.251916
-0.252343
-0.252810
-0.253315
-0.253859
-0.254444
-0.255067
-0.255731
-0.256434
-0.257176
-0.257958
-0.258779
-0.259638
-0.260536
-0.261472
-0.262444
-0.263453
-0.264498
-0.265577
-0.266691
-0.267837
-0.269016
-0.270225
-0.271464
-0.272730
-0.274024
-0.275343
-0.276685
-0.278050
-0.279435
-0.280838
-0.282259
-0.283694
-0.285142
-0.286600
-0.288067
-0.289541
-0.291019
-0.292498
-0.293978
-0.295454
-0.296926
-0.298389
-0.299843
-0.301284
-0.302710
-0.304118
-0.305505
-0.306870
-0.308210
-0.309522
-0.310803
-0.312051
-0.313263
-0.314438
-0.315572
-0.316663
-0.317708
-0.318706
-0.319654
-0.320550
-0.321391
-0.322176
-0.322903
-0.323569
-0.324173
-0.324713
-0.325188
-0.325595
-0.325934
-0.326203
