0.000933
0.000993
0.001058
0.001127
0.001200
0.001278
0.001360
0.001449
0.001543
0.001643
0.001749
0.001863
0.001984
0.002113
0.002250
0.002396
0.002551
0.002717
0.002893
0.003081
0.003281
0.003493
0.003720
0.003962
0.004219
0.004492
0.004784
0.005094
0.005425
0.005777
0.006152
0.006551
0.006976
0.007429
0.007911
0.008424
0.008971
0.009553
0.010173
0.010833
0.011536
0.012285
0.013082
0.013931
0.014835
0.015797
0.016822
0.017914
0.019076
0.020314
0.021633
0.023036
0.024531
0.026123
0.027818
0.029624
0.031546
0.033593
0.035773
0.038094
0.040566
0.043199
0.046002
0.048987
0.052166
0.055551
0.059156
0.062994
0.067082
0.071435
0.076071
0.081007
0.086264
0.091862
0.097823
0.104171
0.110931
0.118129
0.125795
0.133958
0.142651
0.151908
0.161765
0.172262
0.183441
0.195345
0.208021
0.221520
0.235895
0.251202
0.267503
0.284862
0.303347
0.323032
0.343994
0.366317
0.390088
0.415401
0.442357
0.471063
0.501148
0.531717
0.562258
0.592693
0.622950
0.652959
0.682656
0.711979
0.740870
0.769273
0.797136
0.824412
0.851052
0.877015
0.902259
0.926745
0.950437
0.973303
0.995309
1.016427
1.036629
1.055890
1.074186
1.091496
1.107799
1.123077
1.137314
1.150494
1.162604
1.173633
1.183569
1.192403
1.200129
1.206739
1.212228
1.216594
1.219832
1.221943
1.222925
1.222780
1.221511
1.219119
1.215610
1.210988
1.205261
1.198436
1.190520
1.181523
1.171455
1.160328
1.148152
1.134942
1.120710
1.105471
1.089241
1.072034
1.053869
1.034761
1.014731
0.993795
0.971974
0.949288
0.925758
0.901405
0.876251
0.850318
0.823630
0.796210
0.768082
0.739271
0.709801
0.679699
0.648989
0.617699
0.585854
0.553483
0.520611
0.487267
0.453479
0.419275
0.384683
0.349732
0.314450
0.278868
0.243013
0.206916
0.170605
0.134111
0.097463
0.060691
0.023824
-0.013107
-0.050073
-0.087045
-0.123992
-0.160886
-0.197695
-0.234392
-0.270947
-0.307331
-0.343514
-0.379468
-0.415165
-0.450576
-0.485674
-0.520430
-0.554816
-0.588807
-0.622375
-0.655493
-0.688135
-0.720276
-0.751891
-0.782954
-0.813441
-0.843328
-0.872592
-0.901209
-0.929157
-0.956414
-0.982959
-1.008770
-1.033828
-1.058113
-1.081604
-1.104285
-1.126137
-1.147143
-1.167286
-1.186550
-1.204920
-1.222382
-1.238921
-1.254525
-1.269181
-1.282877
-1.295602
-1.307346
-1.318099
-1.327854
-1.336601
-1.344334
-1.351047
-1.356733
-1.361388
-1.365008
-1.367590
-1.369131
-1.369630
-1.369086
-1.367498
-1.364869
-1.361199
-1.356491
-1.350748
-1.343975
-1.336176
-1.327357
-1.317524
-1.306686
-1.294849
-1.282024
-1.268219
-1.253446
-1.237715
-1.221040
-1.203431
-1.184905
-1.165473
-1.145153
-1.123960
-1.101909
-1.079020
-1.055310
-1.030797
-1.005501
-0.979442
-0.952641
-0.925120
-0.896901
-0.868006
-0.838458
-0.808282
-0.777503
-0.746144
-0.714233
-0.681795
-0.648858
-0.615447
-0.581592
-0.547319
-0.512659
-0.477640
-0.442292
-0.406644
-0.370728
-0.334573
-0.298211
-0.261673
-0.224991
-0.188197
-0.151323
-0.114401
-0.077465
-0.040548
-0.003682
0.033100
0.069763
0.106275
0.142601
0.178708
0.214562
0.250129
0.285376
0.320269
0.354773
0.388856
0.422482
0.455620
0.488236
0.520295
0.551765
0.582614
0.612808
0.642315
0.671102
0.699138
0.726391
0.752829
0.778422
0.803139
0.826949
0.849823
0.871731
0.892644
0.912534
0.931373
0.949132
0.965785
0.981306
0.995667
1.008845
1.020814
1.031550
1.041030
1.049229
1.056128
1.061703
1.065933
1.068800
1.070282
1.070362
1.069022
1.066245
1.062013
1.056312
1.049126
1.040443
1.030247
1.018529
1.005275
0.990476
0.974121
0.956202
0.936711
0.915641
0.892986
0.868741
0.842901
0.815463
0.786425
0.755786
0.723543
0.689700
0.654255
0.617213
0.578575
0.538347
0.496534
0.453141
0.408176
0.361647
0.313563
0.263934
0.212771
0.160085
0.105890
0.050199
-0.006972
-0.065609
-0.125695
-0.187212
-0.250142
-0.314466
-0.380164
-0.447213
-0.515594
-0.585281
-0.656253
-0.728485
-0.801950
-0.876624
-0.952478
-1.029486
-1.107618
-1.186845
-1.267138
-1.348465
-1.430795
-1.514095
-1.598333
-1.683474
-1.769485
-1.856330
-1.943975
-2.032382
-2.121515
-2.211337
-2.301809
-2.392894
-2.484552
-2.576744
-2.669429
-2.762568
-2.856120
-2.950043
-3.044296
-3.138837
-3.233624
-3.328614
-3.423763
-3.519030
-3.614370
-3.709739
-3.805095
-3.900392
-3.995587
-4.090635
-4.185492
-4.280114
-4.374454
-4.468470
-4.562116
-4.655348
-4.748121
-4.840391
-4.932113
-5.023243
-5.113736
-5.203549
-5.292637
-5.380957
-5.468467
-5.555121
-5.640878
-5.725695
-5.809530
-5.892340
-5.974085
-6.054723
-6.134213
-6.212516
-6.289590
-6.365398
-6.439900
-6.513057
-6.584833
-6.655189
-6.724090
-6.791499
-6.857381
-6.921702
-6.984426
-7.045522
-7.104956
-7.162697
-7.218713
-7.272974
-7.325450
-7.376113
-7.424935
-7.471888
-7.516946
-7.560084
-7.601277
-7.640502
-7.677735
-7.712955
-7.746141
-7.777273
-7.806331
-7.833298
-7.858157
-7.880891
-7.901486
-7.919926
-7.936199
-7.950293
-7.962197
-7.971901
-7.979394
-7.984671
-7.987723
-7.988544
-7.987130
-7.983477
-7.977582
-7.969443
-7.959061
-7.946434
-7.931564
-7.914455
-7.895110
-7.873532
-7.849729
-7.823706
-7.795472
-7.765035
-7.732405
-7.697594
-7.660612
-7.621473
-7.580191
-7.536781
-7.491258
-7.443641
-7.393945
-7.342192
-7.288399
-7.232589
-7.174783
-7.115003
-7.053274
-6.989619
-6.924064
-6.856635
-6.787359
-6.716265
-6.643381
-6.568736
-6.492361
-6.414288
-6.334547
-6.253172
-6.170196
-6.085654
-5.999579
-5.912008
-5.822977
-5.732521
-5.640680
-5.547490
-5.452991
-5.357220
-5.260219
-5.162027
-5.062684
-4.962232
-4.860712
-4.758167
-4.654638
-4.550169
-4.444801
-4.338580
-4.231548
-4.123749
-4.015229
-3.906030
-3.796198
-3.685778
-3.574815
-3.463354
-3.351441
-3.239120
-3.126437
-3.013438
-2.900168
-2.786673
-2.672998
-2.559189
-2.445292
-2.331350
-2.217410
-2.103517
-1.989715
-1.876049
-1.762563
-1.649302
-1.536310
-1.423630
-1.311305
-1.199379
-1.087895
-0.976893
-0.866417
-0.756508
-0.647207
-0.538554
-0.430590
-0.323354
-0.216885
-0.111222
-0.006403
0.097535
0.200554
0.302620
0.403695
0.503746
0.602737
0.700636
0.797408
0.893023
0.987448
1.080654
1.172608
1.263283
1.352651
1.440682
1.527351
1.612631
1.696498
1.778926
1.859892
1.939373
2.017348
2.093796
2.168696
2.242029
2.313777
2.383923
2.452449
2.519341
2.584584
2.648163
2.710066
2.770282
2.828798
2.885606
2.940695
2.994058
3.045687
3.095577
3.143721
3.190115
3.234756
3.277641
3.318768
3.358137
3.395748
3.431601
3.465698
3.498044
3.528640
3.557493
3.584606
3.609988
3.633644
3.655584
3.675815
3.694349
3.711195
3.726364
3.739870
3.751725
3.761942
3.770538
3.777525
3.782922
3.786744
3.789009
3.789736
3.788943
3.786649
3.782876
3.777643
3.770973
3.762887
3.753408
3.742559
3.730365
3.716848
3.702035
3.685951
3.668621
3.650072
3.630330
3.609423
3.587378
3.564224
3.539988
3.514699
3.488386
3.461079
3.432807
3.403600
3.373488
3.342501
3.310670
3.278027
3.244600
3.210423
3.175525
3.139938
3.103693
3.066823
3.029357
2.991329
2.952768
2.913708
2.874178
2.834210
2.793836
2.753087
2.711994
2.670588
2.628899
2.586958
2.544795
2.502441
2.459926
2.417278
2.374528
2.331704
2.288836
2.245952
2.203080
2.160247
2.117481
2.074810
2.032258
1.989854
1.947622
1.905588
1.863777
1.822212
1.780918
1.739918
1.699234
1.658890
1.618906
1.579304
1.540105
1.501327
1.462992
1.425117
1.387720
1.350820
1.314434
1.278576
1.243264
1.208512
1.174334
1.140745
1.107756
1.075381
1.043631
1.012517
0.982049
0.952237
0.923090
0.894615
0.866821
0.839713
0.813299
0.787584
0.762571
0.738265
0.714670
0.691788
0.669620
0.648168
0.627432
0.607413
0.588108
0.569517
0.551637
0.534466
0.517999
0.502233
0.487162
0.472781
0.459084
0.446064
0.433713
0.422024
0.410987
0.400594
0.390835
0.381699
0.373175
0.365253
0.357919
0.351162
0.344968
0.339323
0.334215
0.329628
0.325547
0.321957
0.318842
0.316186
0.313973
0.312185
0.310805
0.309816
0.309199
0.308937
0.309010
0.309400
0.310088
0.311055
0.312280
0.313745
0.315430
0.317314
0.319377
0.321599
0.323960
0.326439
0.329016
0.331671
0.334382
0.337131
0.339895
0.342655
0.345391
0.348082
0.350709
0.353251
0.355690
0.358006
0.360179
0.362192
0.364025
0.365660
0.367079
0.368265
0.369201
0.369870
0.370257
0.370345
0.370120
0.369567
0.368672
0.367422
0.365804
0.363808
0.361421
0.358634
0.355437
0.351821
0.347780
0.343306
0.338395
0.333041
0.327241
0.320993
0.314297
0.307152
0.299561
0.291527
0.283054
0.274149
0.264819
0.255075
0.244928
0.234390
0.223479
0.212211
0.200605
0.188684
0.176473
0.163998
0.151288
0.138377
0.125300
0.112095
0.098803
0.085472
0.072148
0.058885
0.045740
0.032774
0.020052
0.007645
-0.004373
-0.015920
-0.026911
-0.037253
-0.046848
-0.055592
-0.063372
-0.070069
-0.075556
-0.079697
-0.082349
-0.083357
-0.082559
-0.079781
-0.075502
-0.070901
-0.066580
-0.062523
-0.058713
-0.055135
-0.051775
-0.048620
-0.045658
-0.042875
-0.040263
-0.037809
-0.035505
-0.033342
-0.031310
-0.029402
-0.027611
-0.025928
-0.024348
-0.022864
-0.021471
-0.020163
-0.018934
-0.017781
-0.016697
-0.015680
-0.014724
-0.013827
-0.012985
-0.012194
-0.011451
-0.010753
-0.010098
-0.009483
-0.008905
-0.008363
-0.007853
-0.007375
-0.006926
-0.006504
-0.006108
-0.005736
-0.005387
-0.005059
-0.004751
-0.004462
-0.004190
-0.003935
-0.003696
-0.003471
-0.003260
-0.003062
-0.002876
-0.002701
-0.002537
-0.002383
-0.002239
-0.002103
-0.001976
-0.001856
-0.001744
-0.001639
-0.001540
-0.001447
-0.001360
-0.001279
-0.001202
-0.001130
-0.001063
-0.001000
-0.000941
-0.000885
-0.000833
-0.000784
-0.000739
-0.000696
-0.000656
-0.000619
-0.000584
-0.000552
-0.000521
-0.000493
-0.000466
-0.000442
-0.000419
-0.000398
-0.000379
-0.000360
-0.000344
-0.000329
-0.000315
-0.000302
-0.000290
-0.000280
-0.000271
-0.000263
-0.000255
-0.000249
-0.000244
-0.000240
-0.000237
