-0.370637
-0.367872
-0.364833
-0.361522
-0.357938
-0.354081
-0.349953
-0.345555
-0.340890
-0.335957
-0.330762
-0.325305
-0.319591
-0.313623
-0.307405
-0.300941
-0.294235
-0.287293
-0.280120
-0.272722
-0.265105
-0.257274
-0.249236
-0.240999
-0.232570
-0.223956
-0.215164
-0.206204
-0.197082
-0.187809
-0.178392
-0.168840
-0.159164
-0.149371
-0.139473
-0.129478
-0.119397
-0.109239
-0.099015
-0.088735
-0.078410
-0.068049
-0.057665
-0.047266
-0.036865
-0.026471
-0.016095
-0.005747
0.004561
0.014819
0.025016
0.035143
0.045188
0.055143
0.064995
0.074737
0.084357
0.093847
0.103197
0.112397
0.121439
0.130314
0.139013
0.147529
0.155853
0.163977
0.171894
0.179598
0.187080
0.194336
0.201358
0.208140
0.214679
0.220967
0.227001
0.232776
0.238288
0.243534
0.248510
0.253214
0.257642
0.261794
0.265666
0.269259
0.272571
0.275601
0.278350
0.280817
0.283004
0.284911
0.286539
0.287892
0.288969
0.289775
0.290311
0.290582
0.290589
0.290339
0.289833
0.289077
0.288076
0.286834
0.285358
0.283651
0.281721
0.279572
0.277212
0.274647
0.271883
0.268928
0.265788
0.262470
0.258982
0.255331
0.251525
0.247571
0.243477
0.239251
0.234900
0.230433
0.225857
0.221181
0.216412
0.211558
0.206627
0.201627
0.196566
0.191451
0.186290
0.181090
0.175859
0.170605
0.165333
0.160053
0.154769
0.149490
0.144221
0.138969
0.133740
0.128541
0.123376
0.118252
0.113174
0.108148
0.103177
0.098267
0.093422
0.088647
0.083945
0.079320
0.074776
0.070316
0.065942
0.061659
0.057467
0.053370
0.049369
0.045467
0.041664
0.037961
0.034361
0.030864
0.027470
0.024179
0.020992
0.017909
0.014929
0.012052
0.009277
0.006603
0.004029
0.001554
-0.000823
-0.003105
-0.005293
-0.007389
-0.009396
-0.011314
-0.013147
-0.014896
-0.016566
-0.018157
-0.019673
-0.021117
-0.022491
-0.023798
-0.025042
-0.026225
-0.027350
-0.028421
-0.029440
-0.030411
-0.031337
-0.032221
-0.033065
-0.033873
-0.034648
-0.035394
-0.036112
-0.036805
-0.037478
-0.038131
-0.038769
-0.039393
-0.040006
-0.040611
-0.041210
-0.041805
-0.042398
-0.042992
-0.043588
-0.044188
-0.044793
-0.045407
-0.046029
-0.046661
-0.047305
-0.047961
-0.048630
-0.049314
-0.050013
-0.050728
-0.051459
-0.052206
-0.052970
-0.053750
-0.054548
-0.055362
-0.056192
-0.057038
-0.057899
-0.058775
-0.059665
-0.060569
-0.061484
-0.062411
-0.063349
-0.064295
-0.065249
-0.066209
-0.067174
-0.068142
-0.069112
-0.070082
-0.071051
-0.072016
-0.072977
-0.073930
-0.074874
-0.075808
-0.076729
-0.077636
-0.078526
-0.079398
-0.080250
-0.081079
-0.081883
-0.082662
-0.083413
-0.084133
-0.084822
-0.085477
-0.086097
-0.086680
-0.087224
-0.087728
-0.088190
-0.088609
-0.088983
-0.089311
-0.089592
-0.089825
-0.090008
-0.090140
-0.090222
-0.090251
-0.090227
-0.090150
-0.090020
-0.089835
-0.089596
-0.089302
-0.088954
-0.088552
-0.088095
-0.087585
-0.087021
-0.086405
-0.085737
-0.085017
-0.084248
-0.083429
-0.082562
-0.081649
-0.080691
-0.079690
-0.078646
-0.077563
-0.076442
-0.075284
-0.074093
-0.072870
-0.071618
-0.070340
-0.069037
-0.067712
-0.066369
-0.065010
-0.063637
-0.062255
-0.060866
-0.059473
-0.058079
-0.056688
-0.055302
-0.053926
-0.052563
-0.051216
-0.049888
-0.048583
-0.047306
-0.046058
-0.044843
-0.043666
-0.042530
-0.041438
-0.040393
-0.039400
-0.038461
-0.037580
-0.036760
-0.036005
-0.035318
-0.034701
-0.034159
-0.033693
-0.033308
-0.033005
-0.032788
-0.032659
-0.032621
-0.032675
-0.032825
-0.033072
-0.033419
-0.033867
-0.034418
-0.035073
-0.035835
-0.036704
-0.037681
-0.038768
-0.039964
-0.041272
-0.042690
-0.044220
-0.045861
-0.047614
-0.049477
-0.051452
-0.053536
-0.055729
-0.058030
-0.060437
-0.062951
-0.065567
-0.068286
-0.071104
-0.074021
-0.077033
-0.080137
-0.083332
-0.086615
-0.089981
-0.093429
-0.096955
-0.100555
-0.104225
-0.107963
-0.111763
-0.115622
-0.119536
-0.123500
-0.127509
-0.131560
-0.135648
-0.139768
-0.143915
-0.148083
-0.152270
-0.156468
-0.160674
-0.164881
-0.169085
-0.173282
-0.177464
-0.181628
-0.185768
-0.189879
-0.193956
-0.197994
-0.201987
-0.205930
-0.209820
-0.213650
-0.217416
-0.221113
-0.224736
-0.228282
-0.231745
-0.235121
-0.238407
-0.241598
-0.244690
-0.247679
-0.250563
-0.253337
-0.255999
-0.258545
-0.260972
-0.263279
-0.265462
-0.267519
-0.269449
-0.271249
-0.272918
-0.274454
-0.275857
-0.277125
-0.278259
-0.279256
-0.280118
-0.280844
-0.281434
-0.281890
-0.282211
-0.282398
-0.282454
-0.282379
-0.282175
-0.281843
-0.281387
-0.280808
-0.280109
-0.279292
-0.278361
-0.277318
-0.276168
-0.274913
-0.273557
-0.272104
-0.270559
-0.268924
-0.267206
-0.265408
-0.263535
-0.261591
-0.259582
-0.257513
-0.255388
-0.253213
-0.250992
-0.248733
-0.246439
-0.244116
-0.241769
-0.239405
-0.237029
-0.234645
-0.232260
-0.229879
-0.227508
-0.225152
-0.222816
-0.220506
-0.218227
-0.215984
-0.213782
-0.211626
-0.209521
-0.207473
-0.205484
-0.203561
-0.201707
-0.199927
-0.198225
-0.196604
-0.195069
-0.193622
-0.192268
-0.191009
-0.189849
-0.188790
-0.187835
-0.186985
-0.186244
-0.185614
-0.185095
-0.184690
-0.184399
-0.184224
-0.184165
-0.184224
-0.184400
-0.184693
-0.185103
-0.185631
-0.186274
-0.187034
-0.187907
-0.188894
-0.189993
-0.191201
-0.192518
-0.193940
-0.195466
-0.197093
-0.198818
-0.200639
-0.202552
-0.204554
-0.206641
-0.208811
-0.211059
-0.213381
-0.215773
-0.218231
-0.220752
-0.223329
-0.225960
-0.228639
-0.231362
-0.234123
-0.236919
-0.239744
-0.242593
-0.245461
-0.248344
-0.251235
-0.254132
-0.257027
-0.259916
-0.262795
-0.265657
-0.268499
-0.271316
-0.274101
-0.276852
-0.279563
-0.282229
-0.284846
-0.287409
-0.289915
-0.292358
-0.294736
-0.297043
-0.299277
-0.301433
-0.303508
-0.305499
-0.307402
-0.309215
-0.310934
-0.312557
-0.314082
-0.315505
-0.316825
-0.318041
-0.319150
-0.320151
-0.321042
-0.321823
-0.322492
-0.323049
-0.323493
-0.323824
-0.324043
-0.324148
-0.324141
-0.324022
-0.323791
-0.323451
-0.323001
-0.322443
-0.321780
-0.321011
-0.320141
-0.319170
-0.318100
-0.316936
-0.315678
-0.314330
-0.312895
-0.311376
-0.309776
-0.308098
-0.306347
-0.304526
-0.302638
-0.300688
-0.298679
-0.296616
-0.294503
-0.292345
-0.290144
-0.287907
-0.285638
-0.283340
-0.281019
-0.278679
-0.276325
-0.273962
-0.271594
-0.269226
-0.266862
-0.264508
-0.262167
-0.259845
-0.257546
-0.255274
-0.253034
-0.250831
-0.248668
-0.246549
-0.244480
-0.242463
-0.240503
-0.238604
-0.236769
-0.235002
-0.233306
-0.231685
-0.230141
-0.228678
-0.227299
-0.226006
-0.224802
-0.223689
-0.222669
-0.221744
-0.220917
-0.220189
-0.219560
-0.219034
-0.218610
-0.218289
-0.218073
-0.217962
-0.217955
-0.218054
-0.218259
-0.218568
-0.218981
-0.219499
-0.220119
-0.220842
-0.221665
-0.222588
-0.223608
-0.224725
-0.225936
-0.227240
-0.228633
-0.230114
-0.231680
-0.233328
-0.235056
-0.236860
-0.238738
-0.240685
-0.242700
-0.244778
-0.246916
-0.249110
-0.251356
-0.253651
-0.255990
-0.258370
-0.260786
-0.263235
-0.265712
-0.268213
-0.270734
-0.273270
-0.275818
-0.278373
-0.280930
-0.283486
-0.286036
-0.288577
-0.291103
-0.293611
-0.296096
-0.298555
-0.300984
-0.303378
-0.305735
-0.308049
-0.310318
-0.312538
-0.314705
-0.316817
-0.318869
-0.320859
-0.322785
-0.324642
-0.326428
-0.328141
-0.329779
-0.331338
-0.332818
-0.334215
-0.335529
-0.336756
-0.337897
-0.338950
-0.339913
-0.340785
-0.341566
-0.342255
-0.342851
-0.343355
-0.343765
-0.344082
-0.344307
-0.344438
-0.344478
-0.344426
-0.344283
-0.344050
-0.343728
-0.343319
-0.342824
-0.342243
-0.341580
-0.340835
-0.340011
-0.339109
-0.338132
-0.337081
-0.335959
-0.334769
-0.333512
-0.332192
-0.330811
-0.329371
-0.327876
-0.326328
-0.324731
-0.323086
-0.321397
-0.319666
-0.317898
-0.316094
-0.314257
-0.312392
-0.310500
-0.308585
-0.306649
-0.304695
-0.302727
-0.300747
-0.298758
-0.296762
-0.294762
-0.292762
-0.290763
-0.288767
-0.286778
-0.284798
-0.282828
-0.280871
-0.278929
-0.277004
-0.275098
-0.273211
-0.271347
-0.269506
-0.267690
-0.265901
-0.264138
-0.262403
-0.260698
-0.259023
-0.257378
-0.255764
-0.254182
-0.252632
-0.251114
-0.249628
-0.248174
-0.246752
-0.245361
-0.244002
-0.242673
-0.241375
-0.240106
-0.238865
-0.237652
-0.236466
-0.235306
-0.234170
-0.233057
-0.231966
-0.230895
-0.229844
-0.228810
-0.227792
-0.226788
-0.225797
-0.224817
-0.223846
-0.222882
-0.221924
-0.220970
-0.220017
-0.219065
-0.218112
-0.217154
-0.216192
-0.215222
-0.214243
-0.213254
-0.212253
-0.211237
-0.210206
-0.209158
-0.208091
-0.207004
-0.205895
-0.204764
-0.203608
-0.202427
-0.201220
-0.199986
-0.198723
-0.197431
-0.196110
-0.194758
-0.193375
-0.191961
-0.190516
-0.189039
-0.187530
-0.185989
-0.184416
-0.182813
-0.181178
-0.179514
-0.177819
-0.176096
-0.174345
-0.172566
-0.170762
-0.168934
-0.167082
-0.165208
-0.163315
-0.161403
-0.159474
-0.157531
-0.155576
-0.153610
-0.151637
-0.149658
-0.147675
-0.145692
-0.143711
-0.141735
-0.139767
-0.137809
-0.135865
-0.133937
-0.132029
-0.130144
-0.128285
-0.126455
-0.124658
-0.122898
-0.121176
-0.119498
-0.117866
-0.116284
-0.114755
-0.113283
-0.111870
-0.110522
-0.109241
-0.108030
-0.106893
-0.105833
-0.104853
-0.103958
-0.103149
-0.102431
-0.101806
-0.101277
-0.100847
-0.100519
-0.100296
-0.100180
-0.100175
-0.100281
-0.100502
-0.100840
-0.101297
-0.101875
-0.102575
-0.103400
-0.104350
-0.105427
-0.106633
-0.107968
-0.109432
-0.111028
-0.112755
-0.114613
-0.116603
-0.118724
-0.120977
-0.123360
-0.125873
-0.128516
-0.131287
-0.134185
-0.137208
-0.140354
-0.143623
-0.147011
-0.150516
-0.154137
-0.157869
-0.161710
-0.165657
-0.169707
-0.173855
-0.178098
-0.182433
-0.186854
-0.191357
-0.195939
-0.200593
-0.205315
-0.210099
-0.214942
-0.219836
-0.224776
-0.229756
-0.234770
-0.239813
-0.244877
-0.249956
-0.255043
-0.260133
-0.265217
-0.270289
-0.275342
-0.280369
-0.285362
-0.290314
-0.295218
-0.300066
-0.304851
-0.309565
-0.314201
-0.318751
-0.323208
-0.327563
-0.331810
-0.335941
-0.339949
-0.343825
-0.347564
-0.351156
-0.354596
-0.357876
-0.360990
-0.363930
-0.366689
-0.369261
-0.371641
-0.373820
-0.375795
-0.377557
-0.379103
-0.380426
-0.381521
-0.382383
-0.383008
-0.383392
-0.383528
-0.383415
-0.383048
-0.382424
-0.381540
-0.380392
-0.378979
-0.377299
-0.375350
-0.373129
