0.000000
0.125663
0.251321
0.376969
0.502602
0.628215
0.753804
0.879362
1.004886
1.130371
1.255810
1.381201
1.506536
1.631812
1.757024
1.882166
2.007234
2.132223
2.257128
2.381943
2.506665
2.631287
2.755806
2.880216
3.004512
3.128689
3.252743
3.376669
3.500461
3.624115
3.747626
3.870989
3.994200
4.117252
4.240142
4.362865
4.485415
4.607789
4.729980
4.851985
4.973798
5.095415
5.216830
5.338040
5.459039
5.579822
5.700385
5.820723
5.940832
6.060705
6.180340
6.299730
6.418872
6.537761
6.656391
6.774758
6.892858
7.010686
7.128238
7.245507
7.362491
7.479184
7.595582
7.711680
7.827473
7.942958
8.058129
8.172981
8.287512
8.401715
8.515586
8.629121
8.742315
8.855165
8.967664
9.079810
9.191597
9.303022
9.414079
9.524764
9.635073
9.745003
9.854547
9.963702
10.072464
10.180828
10.288791
10.396347
10.503493
10.610224
10.716536
10.822425
10.927887
11.032917
11.137512
11.241668
11.345379
11.448643
11.551454
11.653810
11.755705
11.857136
11.958100
12.058591
12.158606
12.258141
12.357192
12.455756
12.553827
12.651403
12.748480
12.845053
12.941119
13.036675
13.131715
13.226237
13.320237
13.413712
13.506656
13.599068
13.690942
13.782276
13.873066
13.963308
14.052999
14.142136
14.230714
14.318730
14.406180
14.493063
14.579373
14.665107
14.750262
14.834835
14.918823
15.002221
15.085028
15.167238
15.248850
15.329860
15.410265
15.490061
15.569246
15.647816
15.725769
15.803100
15.879808
15.955889
16.031340
16.106158
16.180340
16.253883
16.326785
16.399042
16.470652
16.541611
16.611918
16.681569
16.750561
16.818892
16.886559
16.953559
17.019890
17.085549
17.150533
17.214841
17.278468
17.341414
17.403675
17.465249
17.526134
17.586326
17.645825
17.704626
17.762729
17.820130
17.876828
17.932821
17.988105
18.042679
18.096541
18.149688
18.202119
18.253832
18.304823
18.355093
18.404637
18.453455
18.501544
18.548903
18.595530
18.641422
18.686579
18.730998
18.774677
18.817615
18.859811
18.901262
18.941966
18.981923
19.021130
19.059587
19.097291
19.134241
19.170436
19.205874
19.240553
19.274474
19.307633
19.340030
19.371663
19.402532
19.432635
19.461970
19.490537
19.518335
19.545362
19.571618
19.597101
19.621810
19.645745
19.668904
19.691287
19.712892
19.733719
19.753767
19.773035
19.791522
19.809229
19.826153
19.842294
19.857652
19.872226
19.886016
19.899020
19.911239
19.922672
19.933319
19.943178
19.952250
19.960535
19.968031
19.974739
19.980659
19.985789
19.990131
19.993684
19.996447
19.998421
19.999605
20.000000
19.999605
19.998421
19.996447
19.993684
19.990131
19.985789
19.980659
19.974739
19.968031
19.960535
19.952250
19.943178
19.933319
19.922672
19.911239
19.899020
19.886016
19.872226
19.857652
19.842294
19.826153
19.809229
19.791522
19.773035
19.753767
19.733719
19.712892
19.691287
19.668904
19.645745
19.621810
19.597101
19.571618
19.545362
19.518335
19.490537
19.461970
19.432635
19.402532
19.371663
19.340030
19.307633
19.274474
19.240553
19.205874
19.170436
19.134241
19.097291
19.059587
19.021130
18.981923
18.941966
18.901262
18.859811
18.817615
18.774677
18.730998
18.686579
18.641422
18.595530
18.548903
18.501544
18.453455
18.404637
18.355093
18.304823
18.253832
18.202119
18.149688
18.096541
18.042679
17.988105
17.932821
17.876828
17.820130
17.762729
17.704626
17.645825
17.586326
17.526134
17.465249
17.403675
17.341414
17.278468
17.214841
17.150533
17.085549
17.019890
16.953559
16.886559
16.818892
16.750561
16.681569
16.611918
16.541611
16.470652
16.399042
16.326785
16.253883
16.180340
16.106158
16.031340
15.955889
15.879808
15.803100
15.725769
15.647816
15.569246
15.490061
15.410265
15.329860
15.248850
15.167238
15.085028
15.002221
14.918823
14.834835
14.750262
14.665107
14.579373
14.493063
14.406180
14.318730
14.230714
14.142136
14.052999
13.963308
13.873066
13.782276
13.690942
13.599068
13.506656
13.413712
13.320237
13.226237
13.131715
13.036675
12.941119
12.845053
12.748480
12.651403
12.553827
12.455756
12.357192
12.258141
12.158606
12.058591
11.958100
11.857136
11.755705
11.653810
11.551454
11.448643
11.345379
11.241668
11.137512
11.032917
10.927887
10.822425
10.716536
10.610224
10.503493
10.396347
10.288791
10.180828
10.072464
9.963702
9.854547
9.745003
9.635073
9.524764
9.414079
9.303022
9.191597
9.079810
8.967664
8.855165
8.742315
8.629121
8.515586
8.401715
8.287512
8.172981
8.058129
7.942958
7.827473
7.711680
7.595582
7.479184
7.362491
7.245507
7.128238
7.010686
6.892858
6.774758
6.656391
6.537761
6.418872
6.299730
6.180340
6.060705
5.940832
5.820723
5.700385
5.579822
5.459039
5.338040
5.216830
5.095415
4.973798
4.851985
4.729980
4.607789
4.485415
4.362865
4.240142
4.117252
3.994200
3.870989
3.747626
3.624115
3.500461
3.376669
3.252743
3.128689
3.004512
2.880216
2.755806
2.631287
2.506665
2.381943
2.257128
2.132223
2.007234
1.882166
1.757024
1.631812
1.506536
1.381201
1.255810
1.130371
1.004886
0.879362
0.753804
0.628215
0.502602
0.376969
0.251321
0.125663
-0.000000
-0.125663
-0.251321
-0.376969
-0.502602
-0.628215
-0.753804
-0.879362
-1.004886
-1.130371
-1.255810
-1.381201
-1.506536
-1.631812
-1.757024
-1.882166
-2.007234
-2.132223
-2.257128
-2.381943
-2.506665
-2.631287
-2.755806
-2.880216
-3.004512
-3.128689
-3.252743
-3.376669
-3.500461
-3.624115
-3.747626
-3.870989
-3.994200
-4.117252
-4.240142
-4.362865
-4.485415
-4.607789
-4.729980
-4.851985
-4.973798
-5.095415
-5.216830
-5.338040
-5.459039
-5.579822
-5.700385
-5.820723
-5.940832
-6.060705
-6.180340
-6.299730
-6.418872
-6.537761
-6.656391
-6.774758
-6.892858
-7.010686
-7.128238
-7.245507
-7.362491
-7.479184
-7.595582
-7.711680
-7.827473
-7.942958
-8.058129
-8.172981
-8.287512
-8.401715
-8.515586
-8.629121
-8.742315
-8.855165
-8.967664
-9.079810
-9.191597
-9.303022
-9.414079
-9.524764
-9.635073
-9.745003
-9.854547
-9.963702
-10.072464
-10.180828
-10.288791
-10.396347
-10.503493
-10.610224
-10.716536
-10.822425
-10.927887
-11.032917
-11.137512
-11.241668
-11.345379
-11.448643
-11.551454
-11.653810
-11.755705
-11.857136
-11.958100
-12.058591
-12.158606
-12.258141
-12.357192
-12.455756
-12.553827
-12.651403
-12.748480
-12.845053
-12.941119
-13.036675
-13.131715
-13.226237
-13.320237
-13.413712
-13.506656
-13.599068
-13.690942
-13.782276
-13.873066
-13.963308
-14.052999
-14.142136
-14.230714
-14.318730
-14.406180
-14.493063
-14.579373
-14.665107
-14.750262
-14.834835
-14.918823
-15.002221
-15.085028
-15.167238
-15.248850
-15.329860
-15.410265
-15.490061
-15.569246
-15.647816
-15.725769
-15.803100
-15.879808
-15.955889
-16.031340
-16.106158
-16.180340
-16.253883
-16.326785
-16.399042
-16.470652
-16.541611
-16.611918
-16.681569
-16.750561
-16.818892
-16.886559
-16.953559
-17.019890
-17.085549
-17.150533
-17.214841
-17.278468
-17.341414
-17.403675
-17.465249
-17.526134
-17.586326
-17.645825
-17.704626
-17.762729
-17.820130
-17.876828
-17.932821
-17.988105
-18.042679
-18.096541
-18.149688
-18.202119
-18.253832
-18.304823
-18.355093
-18.404637
-18.453455
-18.501544
-18.548903
-18.595530
-18.641422
-18.686579
-18.730998
-18.774677
-18.817615
-18.859811
-18.901262
-18.941966
-18.981923
-19.021130
-19.059587
-19.097291
-19.134241
-19.170436
-19.205874
-19.240553
-19.274474
-19.307633
-19.340030
-19.371663
-19.402532
-19.432635
-19.461970
-19.490537
-19.518335
-19.545362
-19.571618
-19.597101
-19.621810
-19.645745
-19.668904
-19.691287
-19.712892
-19.733719
-19.753767
-19.773035
-19.791522
-19.809229
-19.826153
-19.842294
-19.857652
-19.872226
-19.886016
-19.899020
-19.911239
-19.922672
-19.933319
-19.943178
-19.952250
-19.960535
-19.968031
-19.974739
-19.980659
-19.985789
-19.990131
-19.993684
-19.996447
-19.998421
-19.999605
-20.000000
-19.999605
-19.998421
-19.996447
-19.993684
-19.990131
-19.985789
-19.980659
-19.974739
-19.968031
-19.960535
-19.952250
-19.943178
-19.933319
-19.922672
-19.911239
-19.899020
-19.886016
-19.872226
-19.857652
-19.842294
-19.826153
-19.809229
-19.791522
-19.773035
-19.753767
-19.733719
-19.712892
-19.691287
-19.668904
-19.645745
-19.621810
-19.597101
-19.571618
-19.545362
-19.518335
-19.490537
-19.461970
-19.432635
-19.402532
-19.371663
-19.340030
-19.307633
-19.274474
-19.240553
-19.205874
-19.170436
-19.134241
-19.097291
-19.059587
-19.021130
-18.981923
-18.941966
-18.901262
-18.859811
-18.817615
-18.774677
-18.730998
-18.686579
-18.641422
-18.595530
-18.548903
-18.501544
-18.453455
-18.404637
-18.355093
-18.304823
-18.253832
-18.202119
-18.149688
-18.096541
-18.042679
-17.988105
-17.932821
-17.876828
-17.820130
-17.762729
-17.704626
-17.645825
-17.586326
-17.526134
-17.465249
-17.403675
-17.341414
-17.278468
-17.214841
-17.150533
-17.085549
-17.019890
-16.953559
-16.886559
-16.818892
-16.750561
-16.681569
-16.611918
-16.541611
-16.470652
-16.399042
-16.326785
-16.253883
-16.180340
-16.106158
-16.031340
-15.955889
-15.879808
-15.803100
-15.725769
-15.647816
-15.569246
-15.490061
-15.410265
-15.329860
-15.248850
-15.167238
-15.085028
-15.002221
-14.918823
-14.834835
-14.750262
-14.665107
-14.579373
-14.493063
-14.406180
-14.318730
-14.230714
-14.142136
-14.052999
-13.963308
-13.873066
-13.782276
-13.690942
-13.599068
-13.506656
-13.413712
-13.320237
-13.226237
-13.131715
-13.036675
-12.941119
-12.845053
-12.748480
-12.651403
-12.553827
-12.455756
-12.357192
-12.258141
-12.158606
-12.058591
-11.958100
-11.857136
-11.755705
-11.653810
-11.551454
-11.448643
-11.345379
-11.241668
-11.137512
-11.032917
-10.927887
-10.822425
-10.716536
-10.610224
-10.503493
-10.396347
-10.288791
-10.180828
-10.072464
-9.963702
-9.854547
-9.745003
-9.635073
-9.524764
-9.414079
-9.303022
-9.191597
-9.079810
-8.967664
-8.855165
-8.742315
-8.629121
-8.515586
-8.401715
-8.287512
-8.172981
-8.058129
-7.942958
-7.827473
-7.711680
-7.595582
-7.479184
-7.362491
-7.245507
-7.128238
-7.010686
-6.892858
-6.774758
-6.656391
-6.537761
-6.418872
-6.299730
-6.180340
-6.060705
-5.940832
-5.820723
-5.700385
-5.579822
-5.459039
-5.338040
-5.216830
-5.095415
-4.973798
-4.851985
-4.729980
-4.607789
-4.485415
-4.362865
-4.240142
-4.117252
-3.994200
-3.870989
-3.747626
-3.624115
-3.500461
-3.376669
-3.252743
-3.128689
-3.004512
-2.880216
-2.755806
-2.631287
-2.506665
-2.381943
-2.257128
-2.132223
-2.007234
-1.882166
-1.757024
-1.631812
-1.506536
-1.381201
-1.255810
-1.130371
-1.004886
-0.879362
-0.753804
-0.628215
-0.502602
-0.376969
-0.251321
-0.125663
