0.000000
0.653176
1.304702
1.952933
2.596230
3.232969
3.861541
4.480358
5.087858
5.682505
6.262798
6.827270
7.374496
7.903094
8.411728
8.899112
9.364017
9.805268
10.221750
10.612410
10.976263
11.312389
11.619939
11.898135
12.146276
12.363735
12.549961
12.704486
12.826917
12.916947
12.974347
12.998974
12.990763
12.949737
12.875999
12.769734
12.631213
12.460783
12.258877
12.026004
11.762752
11.469786
11.147847
10.797747
10.420371
10.016672
9.587671
9.134450
8.658154
8.159988
7.641208
7.103127
6.547102
5.974538
5.386883
4.785619
4.172267
3.548375
2.915520
2.275300
1.629332
0.979248
0.326691
-0.326691
-0.979248
-1.629332
-2.275300
-2.915520
-3.548375
-4.172267
-4.785619
-5.386883
-5.974538
-6.547102
-7.103127
-7.641208
-8.159988
-8.658154
-9.134450
-9.587671
-10.016672
-10.420371
-10.797747
-11.147847
-11.469786
-11.762752
-12.026004
-12.258877
-12.460783
-12.631213
-12.769734
-12.875999
-12.949737
-12.990763
-12.998974
-12.974347
-12.916947
-12.826917
-12.704486
-12.549961
-12.363735
-12.146276
-11.898135
-11.619939
-11.312389
-10.976263
-10.612410
-10.221750
-9.805268
-9.364017
-8.899112
-8.411728
-7.903094
-7.374496
-6.827270
-6.262798
-5.682505
-5.087858
-4.480358
-3.861541
-3.232969
-2.596230
-1.952933
-1.304702
-0.653176
0.000000
0.653176
1.304702
1.952933
2.596230
3.232969
3.861541
4.480358
5.087858
5.682505
6.262798
6.827270
7.374496
7.903094
8.411728
8.899112
9.364017
9.805268
10.221750
10.612410
10.976263
11.312389
11.619939
11.898135
12.146276
12.363735
12.549961
12.704486
12.826917
12.916947
12.974347
12.998974
12.990763
12.949737
12.875999
12.769734
12.631213
12.460783
12.258877
12.026004
11.762752
11.469786
11.147847
10.797747
10.420371
10.016672
9.587671
9.134450
8.658154
8.159988
7.641208
7.103127
6.547102
5.974538
5.386883
4.785619
4.172267
3.548375
2.915520
2.275300
1.629332
0.979248
0.326691
-0.326691
-0.979248
-1.629332
-2.275300
-2.915520
-3.548375
-4.172267
-4.785619
-5.386883
-5.974538
-6.547102
-7.103127
-7.641208
-8.159988
-8.658154
-9.134450
-9.587671
-10.016672
-10.420371
-10.797747
-11.147847
-11.469786
-11.762752
-12.026004
-12.258877
-12.460783
-12.631213
-12.769734
-12.875999
-12.949737
-12.990763
-12.998974
-12.974347
-12.916947
-12.826917
-12.704486
-12.549961
-12.363735
-12.146276
-11.898135
-11.619939
-11.312389
-10.976263
-10.612410
-10.221750
-9.805268
-9.364017
-8.899112
-8.411728
-7.903094
-7.374496
-6.827270
-6.262798
-5.682505
-5.087858
-4.480358
-3.861541
-3.232969
-2.596230
-1.952933
-1.304702
-0.653176
0.000000
0.653176
1.304702
1.952933
2.596230
3.232969
3.861541
4.480358
5.087858
5.682505
6.262798
6.827270
7.374496
7.903094
8.411728
8.899112
9.364017
9.805268
10.221750
10.612410
10.976263
11.312389
11.619939
11.898135
12.146276
12.363735
12.549961
12.704486
12.826917
12.916947
12.974347
12.998974
12.990763
12.949737
12.875999
12.769734
12.631213
12.460783
12.258877
12.026004
11.762752
11.469786
11.147847
10.797747
10.420371
10.016672
9.587671
9.134450
8.658154
8.159988
7.641208
7.103127
6.547102
5.974538
5.386883
4.785619
4.172267
3.548375
2.915520
2.275300
1.629332
0.979248
0.326691
-0.326691
-0.979248
-1.629332
-2.275300
-2.915520
-3.548375
-4.172267
-4.785619
-5.386883
-5.974538
-6.547102
-7.103127
-7.641208
-8.159988
-8.658154
-9.134450
-9.587671
-10.016672
-10.420371
-10.797747
-11.147847
-11.469786
-11.762752
-12.026004
-12.258877
-12.460783
-12.631213
-12.769734
-12.875999
-12.949737
-12.990763
-12.998974
-12.974347
-12.916947
-12.826917
-12.704486
-12.549961
-12.363735
-12.146276
-11.898135
-11.619939
-11.312389
-10.976263
-10.612410
-10.221750
-9.805268
-9.364017
-8.899112
-8.411728
-7.903094
-7.374496
-6.827270
-6.262798
-5.682505
-5.087858
-4.480358
-3.861541
-3.232969
-2.596230
-1.952933
-1.304702
-0.653176
-0.000000
0.653176
1.304702
1.952933
2.596230
3.232969
3.861541
4.480358
5.087858
5.682505
6.262798
6.827270
7.374496
7.903094
8.411728
8.899112
9.364017
9.805268
10.221750
10.612410
10.976263
11.312389
11.619939
11.898135
12.146276
12.363735
12.549961
12.704486
12.826917
12.916947
12.974347
12.998974
12.990763
12.949737
12.875999
12.769734
12.631213
12.460783
12.258877
12.026004
11.762752
11.469786
11.147847
10.797747
10.420371
10.016672
9.587671
9.134450
8.658154
8.159988
7.641208
7.103127
6.547102
5.974538
5.386883
4.785619
4.172267
3.548375
2.915520
2.275300
1.629332
0.979248
0.326691
-0.326691
-0.979248
-1.629332
-2.275300
-2.915520
-3.548375
-4.172267
-4.785619
-5.386883
-5.974538
-6.547102
-7.103127
-7.641208
-8.159988
-8.658154
-9.134450
-9.587671
-10.016672
-10.420371
-10.797747
-11.147847
-11.469786
-11.762752
-12.026004
-12.258877
-12.460783
-12.631213
-12.769734
-12.875999
-12.949737
-12.990763
-12.998974
-12.974347
-12.916947
-12.826917
-12.704486
-12.549961
-12.363735
-12.146276
-11.898135
-11.619939
-11.312389
-10.976263
-10.612410
-10.221750
-9.805268
-9.364017
-8.899112
-8.411728
-7.903094
-7.374496
-6.827270
-6.262798
-5.682505
-5.087858
-4.480358
-3.861541
-3.232969
-2.596230
-1.952933
-1.304702
-0.653176
0.000000
0.653176
1.304702
1.952933
2.596230
3.232969
3.861541
4.480358
5.087858
5.682505
6.262798
6.827270
7.374496
7.903094
8.411728
8.899112
9.364017
9.805268
10.221750
10.612410
10.976263
11.312389
11.619939
11.898135
12.146276
12.363735
12.549961
12.704486
12.826917
12.916947
12.974347
12.998974
12.990763
12.949737
12.875999
12.769734
12.631213
12.460783
12.258877
12.026004
11.762752
11.469786
11.147847
10.797747
10.420371
10.016672
9.587671
9.134450
8.658154
8.159988
7.641208
7.103127
6.547102
5.974538
5.386883
4.785619
4.172267
3.548375
2.915520
2.275300
1.629332
0.979248
0.326691
-0.326691
-0.979248
-1.629332
-2.275300
-2.915520
-3.548375
-4.172267
-4.785619
-5.386883
-5.974538
-6.547102
-7.103127
-7.641208
-8.159988
-8.658154
-9.134450
-9.587671
-10.016672
-10.420371
-10.797747
-11.147847
-11.469786
-11.762752
-12.026004
-12.258877
-12.460783
-12.631213
-12.769734
-12.875999
-12.949737
-12.990763
-12.998974
-12.974347
-12.916947
-12.826917
-12.704486
-12.549961
-12.363735
-12.146276
-11.898135
-11.619939
-11.312389
-10.976263
-10.612410
-10.221750
-9.805268
-9.364017
-8.899112
-8.411728
-7.903094
-7.374496
-6.827270
-6.262798
-5.682505
-5.087858
-4.480358
-3.861541
-3.232969
-2.596230
-1.952933
-1.304702
-0.653176
0.000000
0.653176
1.304702
1.952933
2.596230
3.232969
3.861541
4.480358
5.087858
5.682505
6.262798
6.827270
7.374496
7.903094
8.411728
8.899112
9.364017
9.805268
10.221750
10.612410
10.976263
11.312389
11.619939
11.898135
12.146276
12.363735
12.549961
12.704486
12.826917
12.916947
12.974347
12.998974
12.990763
12.949737
12.875999
12.769734
12.631213
12.460783
12.258877
12.026004
11.762752
11.469786
11.147847
10.797747
10.420371
10.016672
9.587671
9.134450
8.658154
8.159988
7.641208
7.103127
6.547102
5.974538
5.386883
4.785619
4.172267
3.548375
2.915520
2.275300
1.629332
0.979248
0.326691
-0.326691
-0.979248
-1.629332
-2.275300
-2.915520
-3.548375
-4.172267
-4.785619
-5.386883
-5.974538
-6.547102
-7.103127
-7.641208
-8.159988
-8.658154
-9.134450
-9.587671
-10.016672
-10.420371
-10.797747
-11.147847
-11.469786
-11.762752
-12.026004
-12.258877
-12.460783
-12.631213
-12.769734
-12.875999
-12.949737
-12.990763
-12.998974
-12.974347
-12.916947
-12.826917
-12.704486
-12.549961
-12.363735
-12.146276
-11.898135
-11.619939
-11.312389
-10.976263
-10.612410
-10.221750
-9.805268
-9.364017
-8.899112
-8.411728
-7.903094
-7.374496
-6.827270
-6.262798
-5.682505
-5.087858
-4.480358
-3.861541
-3.232969
-2.596230
-1.952933
-1.304702
-0.653176
-0.000000
0.653176
1.304702
1.952933
2.596230
3.232969
3.861541
4.480358
5.087858
5.682505
6.262798
6.827270
7.374496
7.903094
8.411728
8.899112
9.364017
9.805268
10.221750
10.612410
10.976263
11.312389
11.619939
11.898135
12.146276
12.363735
12.549961
12.704486
12.826917
12.916947
12.974347
12.998974
12.990763
12.949737
12.875999
12.769734
12.631213
12.460783
12.258877
12.026004
11.762752
11.469786
11.147847
10.797747
10.420371
10.016672
9.587671
9.134450
8.658154
8.159988
7.641208
7.103127
6.547102
5.974538
5.386883
4.785619
4.172267
3.548375
2.915520
2.275300
1.629332
0.979248
0.326691
-0.326691
-0.979248
-1.629332
-2.275300
-2.915520
-3.548375
-4.172267
-4.785619
-5.386883
-5.974538
-6.547102
-7.103127
-7.641208
-8.159988
-8.658154
-9.134450
-9.587671
-10.016672
-10.420371
-10.797747
-11.147847
-11.469786
-11.762752
-12.026004
-12.258877
-12.460783
-12.631213
-12.769734
-12.875999
-12.949737
-12.990763
-12.998974
-12.974347
-12.916947
-12.826917
-12.704486
-12.549961
-12.363735
-12.146276
-11.898135
-11.619939
-11.312389
-10.976263
-10.612410
-10.221750
-9.805268
-9.364017
-8.899112
-8.411728
-7.903094
-7.374496
-6.827270
-6.262798
-5.682505
-5.087858
-4.480358
-3.861541
-3.232969
-2.596230
-1.952933
-1.304702
-0.653176
0.000000
0.653176
1.304702
1.952933
2.596230
3.232969
3.861541
4.480358
5.087858
5.682505
6.262798
6.827270
7.374496
7.903094
8.411728
8.899112
9.364017
9.805268
10.221750
10.612410
10.976263
11.312389
11.619939
11.898135
12.146276
12.363735
12.549961
12.704486
12.826917
12.916947
12.974347
12.998974
12.990763
12.949737
12.875999
12.769734
12.631213
12.460783
12.258877
12.026004
11.762752
11.469786
11.147847
10.797747
10.420371
10.016672
9.587671
9.134450
8.658154
8.159988
7.641208
7.103127
6.547102
5.974538
5.386883
4.785619
4.172267
3.548375
2.915520
2.275300
1.629332
0.979248
0.326691
-0.326691
-0.979248
-1.629332
-2.275300
-2.915520
-3.548375
-4.172267
-4.785619
-5.386883
-5.974538
-6.547102
-7.103127
-7.641208
-8.159988
-8.658154
-9.134450
-9.587671
-10.016672
-10.420371
-10.797747
-11.147847
-11.469786
-11.762752
-12.026004
-12.258877
-12.460783
-12.631213
-12.769734
-12.875999
-12.949737
-12.990763
-12.998974
-12.974347
-12.916947
-12.826917
-12.704486
-12.549961
-12.363735
-12.146276
-11.898135
-11.619939
-11.312389
-10.976263
-10.612410
-10.221750
-9.805268
-9.364017
-8.899112
-8.411728
-7.903094
-7.374496
-6.827270
-6.262798
-5.682505
-5.087858
-4.480358
-3.861541
-3.232969
-2.596230
-1.952933
-1.304702
-0.653176
