0
6.283144e-03
1.256604e-02
1.884844e-02
2.513010e-02
3.141076e-02
3.769018e-02
4.396812e-02
5.024432e-02
5.651853e-02
6.279052e-02
6.906003e-02
7.532681e-02
8.159061e-02
8.785120e-02
9.410831e-02
1.003617e-01
1.066112e-01
1.128564e-01
1.190972e-01
1.253332e-01
1.315644e-01
1.377903e-01
1.440108e-01
1.502256e-01
1.564345e-01
1.626372e-01
1.688334e-01
1.750231e-01
1.812058e-01
1.873813e-01
1.935495e-01
1.997100e-01
2.058626e-01
2.120071e-01
2.181432e-01
2.242708e-01
2.303894e-01
2.364990e-01
2.425992e-01
2.486899e-01
2.547707e-01
2.608415e-01
2.669020e-01
2.729519e-01
2.789911e-01
2.850193e-01
2.910362e-01
2.970416e-01
3.030353e-01
3.090170e-01
3.149865e-01
3.209436e-01
3.268880e-01
3.328195e-01
3.387379e-01
3.446429e-01
3.505343e-01
3.564119e-01
3.622754e-01
3.681246e-01
3.739592e-01
3.797791e-01
3.855840e-01
3.913737e-01
3.971479e-01
4.029064e-01
4.086491e-01
4.143756e-01
4.200857e-01
4.257793e-01
4.314560e-01
4.371158e-01
4.427582e-01
4.483832e-01
4.539905e-01
4.595799e-01
4.651511e-01
4.707039e-01
4.762382e-01
4.817537e-01
4.872501e-01
4.927273e-01
4.981851e-01
5.036232e-01
5.090414e-01
5.144395e-01
5.198173e-01
5.251746e-01
5.305112e-01
5.358268e-01
5.411213e-01
5.463943e-01
5.516459e-01
5.568756e-01
5.620834e-01
5.672689e-01
5.724321e-01
5.775727e-01
5.826905e-01
5.877853e-01
5.928568e-01
5.979050e-01
6.029295e-01
6.079303e-01
6.129071e-01
6.178596e-01
6.227878e-01
6.276914e-01
6.325702e-01
6.374240e-01
6.422527e-01
6.470560e-01
6.518337e-01
6.565858e-01
6.613119e-01
6.660119e-01
6.706856e-01
6.753328e-01
6.799534e-01
6.845471e-01
6.891138e-01
6.936533e-01
6.981654e-01
7.026500e-01
7.071068e-01
7.115357e-01
7.159365e-01
7.203090e-01
7.246531e-01
7.289686e-01
7.332553e-01
7.375131e-01
7.417418e-01
7.459411e-01
7.501111e-01
7.542514e-01
7.583619e-01
7.624425e-01
7.664930e-01
7.705132e-01
7.745031e-01
7.784623e-01
7.823908e-01
7.862884e-01
7.901550e-01
7.939904e-01
7.977944e-01
8.015670e-01
8.053079e-01
8.090170e-01
8.126942e-01
8.163393e-01
8.199521e-01
8.235326e-01
8.270806e-01
8.305959e-01
8.340784e-01
8.375280e-01
8.409446e-01
8.443279e-01
8.476779e-01
8.509945e-01
8.542774e-01
8.575267e-01
8.607420e-01
8.639234e-01
8.670707e-01
8.701838e-01
8.732625e-01
8.763067e-01
8.793163e-01
8.822912e-01
8.852313e-01
8.881364e-01
8.910065e-01
8.938414e-01
8.966410e-01
8.994053e-01
9.021340e-01
9.048271e-01
9.074844e-01
9.101060e-01
9.126916e-01
9.152412e-01
9.177546e-01
9.202318e-01
9.226727e-01
9.250772e-01
9.274452e-01
9.297765e-01
9.320711e-01
9.343289e-01
9.365499e-01
9.387339e-01
9.408808e-01
9.429905e-01
9.450631e-01
9.470983e-01
9.490961e-01
9.510565e-01
9.529793e-01
9.548645e-01
9.567121e-01
9.585218e-01
9.602937e-01
9.620277e-01
9.637237e-01
9.653816e-01
9.670015e-01
9.685832e-01
9.701266e-01
9.716317e-01
9.730985e-01
9.745269e-01
9.759168e-01
9.772681e-01
9.785809e-01
9.798551e-01
9.810905e-01
9.822873e-01
9.834452e-01
9.845643e-01
9.856446e-01
9.866859e-01
9.876883e-01
9.886517e-01
9.895761e-01
9.904614e-01
9.913076e-01
9.921147e-01
9.928826e-01
9.936113e-01
9.943008e-01
9.949510e-01
9.955620e-01
9.961336e-01
9.966659e-01
9.971589e-01
9.976125e-01
9.980267e-01
9.984016e-01
9.987370e-01
9.990329e-01
9.992895e-01
9.995066e-01
9.996842e-01
9.998224e-01
9.999210e-01
9.999803e-01
1
9.999803e-01
9.999210e-01
9.998224e-01
9.996842e-01
9.995066e-01
9.992895e-01
9.990329e-01
9.987370e-01
9.984016e-01
9.980267e-01
9.976125e-01
9.971589e-01
9.966659e-01
9.961336e-01
9.955620e-01
9.949510e-01
9.943008e-01
9.936113e-01
9.928826e-01
9.921147e-01
9.913076e-01
9.904614e-01
9.895761e-01
9.886517e-01
9.876883e-01
9.866859e-01
9.856446e-01
9.845643e-01
9.834452e-01
9.822873e-01
9.810905e-01
9.798551e-01
9.785809e-01
9.772681e-01
9.759168e-01
9.745269e-01
9.730985e-01
9.716317e-01
9.701266e-01
9.685832e-01
9.670015e-01
9.653816e-01
9.637237e-01
9.620277e-01
9.602937e-01
9.585218e-01
9.567121e-01
9.548645e-01
9.529793e-01
9.510565e-01
9.490961e-01
9.470983e-01
9.450631e-01
9.429905e-01
9.408808e-01
9.387339e-01
9.365499e-01
9.343289e-01
9.320711e-01
9.297765e-01
9.274452e-01
9.250772e-01
9.226727e-01
9.202318e-01
9.177546e-01
9.152412e-01
9.126916e-01
9.101060e-01
9.074844e-01
9.048271e-01
9.021340e-01
8.994053e-01
8.966410e-01
8.938414e-01
8.910065e-01
8.881364e-01
8.852313e-01
8.822912e-01
8.793163e-01
8.763067e-01
8.732625e-01
8.701838e-01
8.670707e-01
8.639234e-01
8.607420e-01
8.575267e-01
8.542774e-01
8.509945e-01
8.476779e-01
8.443279e-01
8.409446e-01
8.375280e-01
8.340784e-01
8.305959e-01
8.270806e-01
8.235326e-01
8.199521e-01
8.163393e-01
8.126942e-01
8.090170e-01
8.053079e-01
8.015670e-01
7.977944e-01
7.939904e-01
7.901550e-01
7.862884e-01
7.823908e-01
7.784623e-01
7.745031e-01
7.705132e-01
7.664930e-01
7.624425e-01
7.583619e-01
7.542514e-01
7.501111e-01
7.459411e-01
7.417418e-01
7.375131e-01
7.332553e-01
7.289686e-01
7.246531e-01
7.203090e-01
7.159365e-01
7.115357e-01
7.071068e-01
7.026500e-01
6.981654e-01
6.936533e-01
6.891138e-01
6.845471e-01
6.799534e-01
6.753328e-01
6.706856e-01
6.660119e-01
6.613119e-01
6.565858e-01
6.518337e-01
6.470560e-01
6.422527e-01
6.374240e-01
6.325702e-01
6.276914e-01
6.227878e-01
6.178596e-01
6.129071e-01
6.079303e-01
6.029295e-01
5.979050e-01
5.928568e-01
5.877853e-01
5.826905e-01
5.775727e-01
5.724321e-01
5.672689e-01
5.620834e-01
5.568756e-01
5.516459e-01
5.463943e-01
5.411213e-01
5.358268e-01
5.305112e-01
5.251746e-01
5.198173e-01
5.144395e-01
5.090414e-01
5.036232e-01
4.981851e-01
4.927273e-01
4.872501e-01
4.817537e-01
4.762382e-01
4.707039e-01
4.651511e-01
4.595799e-01
4.539905e-01
4.483832e-01
4.427582e-01
4.371158e-01
4.314560e-01
4.257793e-01
4.200857e-01
4.143756e-01
4.086491e-01
4.029064e-01
3.971479e-01
3.913737e-01
3.855840e-01
3.797791e-01
3.739592e-01
3.681246e-01
3.622754e-01
3.564119e-01
3.505343e-01
3.446429e-01
3.387379e-01
3.328195e-01
3.268880e-01
3.209436e-01
3.149865e-01
3.090170e-01
3.030353e-01
2.970416e-01
2.910362e-01
2.850193e-01
2.789911e-01
2.729519e-01
2.669020e-01
2.608415e-01
2.547707e-01
2.486899e-01
2.425992e-01
2.364990e-01
2.303894e-01
2.242708e-01
2.181432e-01
2.120071e-01
2.058626e-01
1.997100e-01
1.935495e-01
1.873813e-01
1.812058e-01
1.750231e-01
1.688334e-01
1.626372e-01
1.564345e-01
1.502256e-01
1.440108e-01
1.377903e-01
1.315644e-01
1.253332e-01
1.190972e-01
1.128564e-01
1.066112e-01
1.003617e-01
9.410831e-02
8.785120e-02
8.159061e-02
7.532681e-02
6.906003e-02
6.279052e-02
5.651853e-02
5.024432e-02
4.396812e-02
3.769018e-02
3.141076e-02
2.513010e-02
1.884844e-02
1.256604e-02
6.283144e-03
1.224647e-16
-6.283144e-03
-1.256604e-02
-1.884844e-02
-2.513010e-02
-3.141076e-02
-3.769018e-02
-4.396812e-02
-5.024432e-02
-5.651853e-02
-6.279052e-02
-6.906003e-02
-7.532681e-02
-8.159061e-02
-8.785120e-02
-9.410831e-02
-1.003617e-01
-1.066112e-01
-1.128564e-01
-1.190972e-01
-1.253332e-01
-1.315644e-01
-1.377903e-01
-1.440108e-01
-1.502256e-01
-1.564345e-01
-1.626372e-01
-1.688334e-01
-1.750231e-01
-1.812058e-01
-1.873813e-01
-1.935495e-01
-1.997100e-01
-2.058626e-01
-2.120071e-01
-2.181432e-01
-2.242708e-01
-2.303894e-01
-2.364990e-01
-2.425992e-01
-2.486899e-01
-2.547707e-01
-2.608415e-01
-2.669020e-01
-2.729519e-01
-2.789911e-01
-2.850193e-01
-2.910362e-01
-2.970416e-01
-3.030353e-01
-3.090170e-01
-3.149865e-01
-3.209436e-01
-3.268880e-01
-3.328195e-01
-3.387379e-01
-3.446429e-01
-3.505343e-01
-3.564119e-01
-3.622754e-01
-3.681246e-01
-3.739592e-01
-3.797791e-01
-3.855840e-01
-3.913737e-01
-3.971479e-01
-4.029064e-01
-4.086491e-01
-4.143756e-01
-4.200857e-01
-4.257793e-01
-4.314560e-01
-4.371158e-01
-4.427582e-01
-4.483832e-01
-4.539905e-01
-4.595799e-01
-4.651511e-01
-4.707039e-01
-4.762382e-01
-4.817537e-01
-4.872501e-01
-4.927273e-01
-4.981851e-01
-5.036232e-01
-5.090414e-01
-5.144395e-01
-5.198173e-01
-5.251746e-01
-5.305112e-01
-5.358268e-01
-5.411213e-01
-5.463943e-01
-5.516459e-01
-5.568756e-01
-5.620834e-01
-5.672689e-01
-5.724321e-01
-5.775727e-01
-5.826905e-01
-5.877853e-01
-5.928568e-01
-5.979050e-01
-6.029295e-01
-6.079303e-01
-6.129071e-01
-6.178596e-01
-6.227878e-01
-6.276914e-01
-6.325702e-01
-6.374240e-01
-6.422527e-01
-6.470560e-01
-6.518337e-01
-6.565858e-01
-6.613119e-01
-6.660119e-01
-6.706856e-01
-6.753328e-01
-6.799534e-01
-6.845471e-01
-6.891138e-01
-6.936533e-01
-6.981654e-01
-7.026500e-01
-7.071068e-01
-7.115357e-01
-7.159365e-01
-7.203090e-01
-7.246531e-01
-7.289686e-01
-7.332553e-01
-7.375131e-01
-7.417418e-01
-7.459411e-01
-7.501111e-01
-7.542514e-01
-7.583619e-01
-7.624425e-01
-7.664930e-01
-7.705132e-01
-7.745031e-01
-7.784623e-01
-7.823908e-01
-7.862884e-01
-7.901550e-01
-7.939904e-01
-7.977944e-01
-8.015670e-01
-8.053079e-01
-8.090170e-01
-8.126942e-01
-8.163393e-01
-8.199521e-01
-8.235326e-01
-8.270806e-01
-8.305959e-01
-8.340784e-01
-8.375280e-01
-8.409446e-01
-8.443279e-01
-8.476779e-01
-8.509945e-01
-8.542774e-01
-8.575267e-01
-8.607420e-01
-8.639234e-01
-8.670707e-01
-8.701838e-01
-8.732625e-01
-8.763067e-01
-8.793163e-01
-8.822912e-01
-8.852313e-01
-8.881364e-01
-8.910065e-01
-8.938414e-01
-8.966410e-01
-8.994053e-01
-9.021340e-01
-9.048271e-01
-9.074844e-01
-9.101060e-01
-9.126916e-01
-9.152412e-01
-9.177546e-01
-9.202318e-01
-9.226727e-01
-9.250772e-01
-9.274452e-01
-9.297765e-01
-9.320711e-01
-9.343289e-01
-9.365499e-01
-9.387339e-01
-9.408808e-01
-9.429905e-01
-9.450631e-01
-9.470983e-01
-9.490961e-01
-9.510565e-01
-9.529793e-01
-9.548645e-01
-9.567121e-01
-9.585218e-01
-9.602937e-01
-9.620277e-01
-9.637237e-01
-9.653816e-01
-9.670015e-01
-9.685832e-01
-9.701266e-01
-9.716317e-01
-9.730985e-01
-9.745269e-01
-9.759168e-01
-9.772681e-01
-9.785809e-01
-9.798551e-01
-9.810905e-01
-9.822873e-01
-9.834452e-01
-9.845643e-01
-9.856446e-01
-9.866859e-01
-9.876883e-01
-9.886517e-01
-9.895761e-01
-9.904614e-01
-9.913076e-01
-9.921147e-01
-9.928826e-01
-9.936113e-01
-9.943008e-01
-9.949510e-01
-9.955620e-01
-9.961336e-01
-9.966659e-01
-9.971589e-01
-9.976125e-01
-9.980267e-01
-9.984016e-01
-9.987370e-01
-9.990329e-01
-9.992895e-01
-9.995066e-01
-9.996842e-01
-9.998224e-01
-9.999210e-01
-9.999803e-01
-1
-9.999803e-01
-9.999210e-01
-9.998224e-01
-9.996842e-01
-9.995066e-01
-9.992895e-01
-9.990329e-01
-9.987370e-01
-9.984016e-01
-9.980267e-01
-9.976125e-01
-9.971589e-01
-9.966659e-01
-9.961336e-01
-9.955620e-01
-9.949510e-01
-9.943008e-01
-9.936113e-01
-9.928826e-01
-9.921147e-01
-9.913076e-01
-9.904614e-01
-9.895761e-01
-9.886517e-01
-9.876883e-01
-9.866859e-01
-9.856446e-01
-9.845643e-01
-9.834452e-01
-9.822873e-01
-9.810905e-01
-9.798551e-01
-9.785809e-01
-9.772681e-01
-9.759168e-01
-9.745269e-01
-9.730985e-01
-9.716317e-01
-9.701266e-01
-9.685832e-01
-9.670015e-01
-9.653816e-01
-9.637237e-01
-9.620277e-01
-9.602937e-01
-9.585218e-01
-9.567121e-01
-9.548645e-01
-9.529793e-01
-9.510565e-01
-9.490961e-01
-9.470983e-01
-9.450631e-01
-9.429905e-01
-9.408808e-01
-9.387339e-01
-9.365499e-01
-9.343289e-01
-9.320711e-01
-9.297765e-01
-9.274452e-01
-9.250772e-01
-9.226727e-01
-9.202318e-01
-9.177546e-01
-9.152412e-01
-9.126916e-01
-9.101060e-01
-9.074844e-01
-9.048271e-01
-9.021340e-01
-8.994053e-01
-8.966410e-01
-8.938414e-01
-8.910065e-01
-8.881364e-01
-8.852313e-01
-8.822912e-01
-8.793163e-01
-8.763067e-01
-8.732625e-01
-8.701838e-01
-8.670707e-01
-8.639234e-01
-8.607420e-01
-8.575267e-01
-8.542774e-01
-8.509945e-01
-8.476779e-01
-8.443279e-01
-8.409446e-01
-8.375280e-01
-8.340784e-01
-8.305959e-01
-8.270806e-01
-8.235326e-01
-8.199521e-01
-8.163393e-01
-8.126942e-01
-8.090170e-01
-8.053079e-01
-8.015670e-01
-7.977944e-01
-7.939904e-01
-7.901550e-01
-7.862884e-01
-7.823908e-01
-7.784623e-01
-7.745031e-01
-7.705132e-01
-7.664930e-01
-7.624425e-01
-7.583619e-01
-7.542514e-01
-7.501111e-01
-7.459411e-01
-7.417418e-01
-7.375131e-01
-7.332553e-01
-7.289686e-01
-7.246531e-01
-7.203090e-01
-7.159365e-01
-7.115357e-01
-7.071068e-01
-7.026500e-01
-6.981654e-01
-6.936533e-01
-6.891138e-01
-6.845471e-01
-6.799534e-01
-6.753328e-01
-6.706856e-01
-6.660119e-01
-6.613119e-01
-6.565858e-01
-6.518337e-01
-6.470560e-01
-6.422527e-01
-6.374240e-01
-6.325702e-01
-6.276914e-01
-6.227878e-01
-6.178596e-01
-6.129071e-01
-6.079303e-01
-6.029295e-01
-5.979050e-01
-5.928568e-01
-5.877853e-01
-5.826905e-01
-5.775727e-01
-5.724321e-01
-5.672689e-01
-5.620834e-01
-5.568756e-01
-5.516459e-01
-5.463943e-01
-5.411213e-01
-5.358268e-01
-5.305112e-01
-5.251746e-01
-5.198173e-01
-5.144395e-01
-5.090414e-01
-5.036232e-01
-4.981851e-01
-4.927273e-01
-4.872501e-01
-4.817537e-01
-4.762382e-01
-4.707039e-01
-4.651511e-01
-4.595799e-01
-4.539905e-01
-4.483832e-01
-4.427582e-01
-4.371158e-01
-4.314560e-01
-4.257793e-01
-4.200857e-01
-4.143756e-01
-4.086491e-01
-4.029064e-01
-3.971479e-01
-3.913737e-01
-3.855840e-01
-3.797791e-01
-3.739592e-01
-3.681246e-01
-3.622754e-01
-3.564119e-01
-3.505343e-01
-3.446429e-01
-3.387379e-01
-3.328195e-01
-3.268880e-01
-3.209436e-01
-3.149865e-01
-3.090170e-01
-3.030353e-01
-2.970416e-01
-2.910362e-01
-2.850193e-01
-2.789911e-01
-2.729519e-01
-2.669020e-01
-2.608415e-01
-2.547707e-01
-2.486899e-01
-2.425992e-01
-2.364990e-01
-2.303894e-01
-2.242708e-01
-2.181432e-01
-2.120071e-01
-2.058626e-01
-1.997100e-01
-1.935495e-01
-1.873813e-01
-1.812058e-01
-1.750231e-01
-1.688334e-01
-1.626372e-01
-1.564345e-01
-1.502256e-01
-1.440108e-01
-1.377903e-01
-1.315644e-01
-1.253332e-01
-1.190972e-01
-1.128564e-01
-1.066112e-01
-1.003617e-01
-9.410831e-02
-8.785120e-02
-8.159061e-02
-7.532681e-02
-6.906003e-02
-6.279052e-02
-5.651853e-02
-5.024432e-02
-4.396812e-02
-3.769018e-02
-3.141076e-02
-2.513010e-02
-1.884844e-02
-1.256604e-02
-6.283144e-03
