0.000000
0.081681
0.163359
0.245030
0.326691
0.408340
0.489972
0.571586
0.653176
0.734741
0.816277
0.897780
0.979248
1.060678
1.142066
1.223408
1.304702
1.385945
1.467133
1.548263
1.629332
1.710337
1.791274
1.872140
1.952933
2.033648
2.114283
2.194835
2.275300
2.355675
2.435957
2.516143
2.596230
2.676214
2.756092
2.835862
2.915520
2.995063
3.074487
3.153790
3.232969
3.312019
3.390940
3.469726
3.548375
3.626884
3.705250
3.783470
3.861541
3.939459
4.017221
4.094825
4.172267
4.249544
4.326654
4.403593
4.480358
4.556946
4.633354
4.709580
4.785619
4.861470
4.937128
5.012592
5.087858
5.162923
5.237784
5.312438
5.386883
5.461114
5.535131
5.608929
5.682505
5.755857
5.828982
5.901876
5.974538
6.046964
6.119151
6.191097
6.262798
6.334252
6.405455
6.476406
6.547102
6.617538
6.687714
6.757625
6.827270
6.896645
6.965748
7.034576
7.103127
7.171396
7.239383
7.307084
7.374496
7.441618
7.508445
7.574976
7.641208
7.707139
7.772765
7.838084
7.903094
7.967792
8.032175
8.096241
8.159988
8.223412
8.286512
8.349284
8.411728
8.473838
8.535615
8.597054
8.658154
8.718912
8.779327
8.839394
8.899112
8.958480
9.017493
9.076150
9.134450
9.192388
9.249964
9.307174
9.364017
9.420491
9.476592
9.532320
9.587671
9.642643
9.697235
9.751444
9.805268
9.858705
9.911753
9.964409
10.016672
10.068540
10.120010
10.171081
10.221750
10.272015
10.321875
10.371328
10.420371
10.469003
10.517221
10.565024
10.612410
10.659377
10.705924
10.752047
10.797747
10.843020
10.887865
10.932280
10.976263
11.019813
11.062928
11.105607
11.147847
11.189646
11.231004
11.271919
11.312389
11.352412
11.391987
11.431112
11.469786
11.508007
11.545774
11.583085
11.619939
11.656333
11.692268
11.727741
11.762752
11.797298
11.831378
11.864991
11.898135
11.930810
11.963014
11.994746
12.026004
12.056787
12.087094
12.116924
12.146276
12.175149
12.203540
12.231450
12.258877
12.285820
12.312278
12.338250
12.363735
12.388731
12.413239
12.437257
12.460783
12.483818
12.506360
12.528408
12.549961
12.571019
12.591581
12.611646
12.631213
12.650281
12.668849
12.686918
12.704486
12.721552
12.738116
12.754177
12.769734
12.784788
12.799336
12.813380
12.826917
12.839948
12.852473
12.864490
12.875999
12.886999
12.897491
12.907474
12.916947
12.925910
12.934363
12.942306
12.949737
12.956657
12.963066
12.968963
12.974347
12.979220
12.983580
12.987428
12.990763
12.993585
12.995894
12.997691
12.998974
12.999743
13.000000
12.999743
12.998974
12.997691
12.995894
12.993585
12.990763
12.987428
12.983580
12.979220
12.974347
12.968963
12.963066
12.956657
12.949737
12.942306
12.934363
12.925910
12.916947
12.907474
12.897491
12.886999
12.875999
12.864490
12.852473
12.839948
12.826917
12.813380
12.799336
12.784788
12.769734
12.754177
12.738116
12.721552
12.704486
12.686918
12.668849
12.650281
12.631213
12.611646
12.591581
12.571019
12.549961
12.528408
12.506360
12.483818
12.460783
12.437257
12.413239
12.388731
12.363735
12.338250
12.312278
12.285820
12.258877
12.231450
12.203540
12.175149
12.146276
12.116924
12.087094
12.056787
12.026004
11.994746
11.963014
11.930810
11.898135
11.864991
11.831378
11.797298
11.762752
11.727741
11.692268
11.656333
11.619939
11.583085
11.545774
11.508007
11.469786
11.431112
11.391987
11.352412
11.312389
11.271919
11.231004
11.189646
11.147847
11.105607
11.062928
11.019813
10.976263
10.932280
10.887865
10.843020
10.797747
10.752047
10.705924
10.659377
10.612410
10.565024
10.517221
10.469003
10.420371
10.371328
10.321875
10.272015
10.221750
10.171081
10.120010
10.068540
10.016672
9.964409
9.911753
9.858705
9.805268
9.751444
9.697235
9.642643
9.587671
9.532320
9.476592
9.420491
9.364017
9.307174
9.249964
9.192388
9.134450
9.076150
9.017493
8.958480
8.899112
8.839394
8.779327
8.718912
8.658154
8.597054
8.535615
8.473838
8.411728
8.349284
8.286512
8.223412
8.159988
8.096241
8.032175
7.967792
7.903094
7.838084
7.772765
7.707139
7.641208
7.574976
7.508445
7.441618
7.374496
7.307084
7.239383
7.171396
7.103127
7.034576
6.965748
6.896645
6.827270
6.757625
6.687714
6.617538
6.547102
6.476406
6.405455
6.334252
6.262798
6.191097
6.119151
6.046964
5.974538
5.901876
5.828982
5.755857
5.682505
5.608929
5.535131
5.461114
5.386883
5.312438
5.237784
5.162923
5.087858
5.012592
4.937128
4.861470
4.785619
4.709580
4.633354
4.556946
4.480358
4.403593
4.326654
4.249544
4.172267
4.094825
4.017221
3.939459
3.861541
3.783470
3.705250
3.626884
3.548375
3.469726
3.390940
3.312019
3.232969
3.153790
3.074487
2.995063
2.915520
2.835862
2.756092
2.676214
2.596230
2.516143
2.435957
2.355675
2.275300
2.194835
2.114283
2.033648
1.952933
1.872140
1.791274
1.710337
1.629332
1.548263
1.467133
1.385945
1.304702
1.223408
1.142066
1.060678
0.979248
0.897780
0.816277
0.734741
0.653176
0.571586
0.489972
0.408340
0.326691
0.245030
0.163359
0.081681
-0.000000
-0.081681
-0.163359
-0.245030
-0.326691
-0.408340
-0.489972
-0.571586
-0.653176
-0.734741
-0.816277
-0.897780
-0.979248
-1.060678
-1.142066
-1.223408
-1.304702
-1.385945
-1.467133
-1.548263
-1.629332
-1.710337
-1.791274
-1.872140
-1.952933
-2.033648
-2.114283
-2.194835
-2.275300
-2.355675
-2.435957
-2.516143
-2.596230
-2.676214
-2.756092
-2.835862
-2.915520
-2.995063
-3.074487
-3.153790
-3.232969
-3.312019
-3.390940
-3.469726
-3.548375
-3.626884
-3.705250
-3.783470
-3.861541
-3.939459
-4.017221
-4.094825
-4.172267
-4.249544
-4.326654
-4.403593
-4.480358
-4.556946
-4.633354
-4.709580
-4.785619
-4.861470
-4.937128
-5.012592
-5.087858
-5.162923
-5.237784
-5.312438
-5.386883
-5.461114
-5.535131
-5.608929
-5.682505
-5.755857
-5.828982
-5.901876
-5.974538
-6.046964
-6.119151
-6.191097
-6.262798
-6.334252
-6.405455
-6.476406
-6.547102
-6.617538
-6.687714
-6.757625
-6.827270
-6.896645
-6.965748
-7.034576
-7.103127
-7.171396
-7.239383
-7.307084
-7.374496
-7.441618
-7.508445
-7.574976
-7.641208
-7.707139
-7.772765
-7.838084
-7.903094
-7.967792
-8.032175
-8.096241
-8.159988
-8.223412
-8.286512
-8.349284
-8.411728
-8.473838
-8.535615
-8.597054
-8.658154
-8.718912
-8.779327
-8.839394
-8.899112
-8.958480
-9.017493
-9.076150
-9.134450
-9.192388
-9.249964
-9.307174
-9.364017
-9.420491
-9.476592
-9.532320
-9.587671
-9.642643
-9.697235
-9.751444
-9.805268
-9.858705
-9.911753
-9.964409
-10.016672
-10.068540
-10.120010
-10.171081
-10.221750
-10.272015
-10.321875
-10.371328
-10.420371
-10.469003
-10.517221
-10.565024
-10.612410
-10.659377
-10.705924
-10.752047
-10.797747
-10.843020
-10.887865
-10.932280
-10.976263
-11.019813
-11.062928
-11.105607
-11.147847
-11.189646
-11.231004
-11.271919
-11.312389
-11.352412
-11.391987
-11.431112
-11.469786
-11.508007
-11.545774
-11.583085
-11.619939
-11.656333
-11.692268
-11.727741
-11.762752
-11.797298
-11.831378
-11.864991
-11.898135
-11.930810
-11.963014
-11.994746
-12.026004
-12.056787
-12.087094
-12.116924
-12.146276
-12.175149
-12.203540
-12.231450
-12.258877
-12.285820
-12.312278
-12.338250
-12.363735
-12.388731
-12.413239
-12.437257
-12.460783
-12.483818
-12.506360
-12.528408
-12.549961
-12.571019
-12.591581
-12.611646
-12.631213
-12.650281
-12.668849
-12.686918
-12.704486
-12.721552
-12.738116
-12.754177
-12.769734
-12.784788
-12.799336
-12.813380
-12.826917
-12.839948
-12.852473
-12.864490
-12.875999
-12.886999
-12.897491
-12.907474
-12.916947
-12.925910
-12.934363
-12.942306
-12.949737
-12.956657
-12.963066
-12.968963
-12.974347
-12.979220
-12.983580
-12.987428
-12.990763
-12.993585
-12.995894
-12.997691
-12.998974
-12.999743
-13.000000
-12.999743
-12.998974
-12.997691
-12.995894
-12.993585
-12.990763
-12.987428
-12.983580
-12.979220
-12.974347
-12.968963
-12.963066
-12.956657
-12.949737
-12.942306
-12.934363
-12.925910
-12.916947
-12.907474
-12.897491
-12.886999
-12.875999
-12.864490
-12.852473
-12.839948
-12.826917
-12.813380
-12.799336
-12.784788
-12.769734
-12.754177
-12.738116
-12.721552
-12.704486
-12.686918
-12.668849
-12.650281
-12.631213
-12.611646
-12.591581
-12.571019
-12.549961
-12.528408
-12.506360
-12.483818
-12.460783
-12.437257
-12.413239
-12.388731
-12.363735
-12.338250
-12.312278
-12.285820
-12.258877
-12.231450
-12.203540
-12.175149
-12.146276
-12.116924
-12.087094
-12.056787
-12.026004
-11.994746
-11.963014
-11.930810
-11.898135
-11.864991
-11.831378
-11.797298
-11.762752
-11.727741
-11.692268
-11.656333
-11.619939
-11.583085
-11.545774
-11.508007
-11.469786
-11.431112
-11.391987
-11.352412
-11.312389
-11.271919
-11.231004
-11.189646
-11.147847
-11.105607
-11.062928
-11.019813
-10.976263
-10.932280
-10.887865
-10.843020
-10.797747
-10.752047
-10.705924
-10.659377
-10.612410
-10.565024
-10.517221
-10.469003
-10.420371
-10.371328
-10.321875
-10.272015
-10.221750
-10.171081
-10.120010
-10.068540
-10.016672
-9.964409
-9.911753
-9.858705
-9.805268
-9.751444
-9.697235
-9.642643
-9.587671
-9.532320
-9.476592
-9.420491
-9.364017
-9.307174
-9.249964
-9.192388
-9.134450
-9.076150
-9.017493
-8.958480
-8.899112
-8.839394
-8.779327
-8.718912
-8.658154
-8.597054
-8.535615
-8.473838
-8.411728
-8.349284
-8.286512
-8.223412
-8.159988
-8.096241
-8.032175
-7.967792
-7.903094
-7.838084
-7.772765
-7.707139
-7.641208
-7.574976
-7.508445
-7.441618
-7.374496
-7.307084
-7.239383
-7.171396
-7.103127
-7.034576
-6.965748
-6.896645
-6.827270
-6.757625
-6.687714
-6.617538
-6.547102
-6.476406
-6.405455
-6.334252
-6.262798
-6.191097
-6.119151
-6.046964
-5.974538
-5.901876
-5.828982
-5.755857
-5.682505
-5.608929
-5.535131
-5.461114
-5.386883
-5.312438
-5.237784
-5.162923
-5.087858
-5.012592
-4.937128
-4.861470
-4.785619
-4.709580
-4.633354
-4.556946
-4.480358
-4.403593
-4.326654
-4.249544
-4.172267
-4.094825
-4.017221
-3.939459
-3.861541
-3.783470
-3.705250
-3.626884
-3.548375
-3.469726
-3.390940
-3.312019
-3.232969
-3.153790
-3.074487
-2.995063
-2.915520
-2.835862
-2.756092
-2.676214
-2.596230
-2.516143
-2.435957
-2.355675
-2.275300
-2.194835
-2.114283
-2.033648
-1.952933
-1.872140
-1.791274
-1.710337
-1.629332
-1.548263
-1.467133
-1.385945
-1.304702
-1.223408
-1.142066
-1.060678
-0.979248
-0.897780
-0.816277
-0.734741
-0.653176
-0.571586
-0.489972
-0.408340
-0.326691
-0.245030
-0.163359
-0.081681
