0.000000
0.163359
0.326691
0.489972
0.653176
0.816277
0.979248
1.142066
1.304702
1.467133
1.629332
1.791274
1.952933
2.114283
2.275300
2.435957
2.596230
2.756092
2.915520
3.074487
3.232969
3.390940
3.548375
3.705250
3.861541
4.017221
4.172267
4.326654
4.480358
4.633354
4.785619
4.937128
5.087858
5.237784
5.386883
5.535131
5.682505
5.828982
5.974538
6.119151
6.262798
6.405455
6.547102
6.687714
6.827270
6.965748
7.103127
7.239383
7.374496
7.508445
7.641208
7.772765
7.903094
8.032175
8.159988
8.286512
8.411728
8.535615
8.658154
8.779327
8.899112
9.017493
9.134450
9.249964
9.364017
9.476592
9.587671
9.697235
9.805268
9.911753
10.016672
10.120010
10.221750
10.321875
10.420371
10.517221
10.612410
10.705924
10.797747
10.887865
10.976263
11.062928
11.147847
11.231004
11.312389
11.391987
11.469786
11.545774
11.619939
11.692268
11.762752
11.831378
11.898135
11.963014
12.026004
12.087094
12.146276
12.203540
12.258877
12.312278
12.363735
12.413239
12.460783
12.506360
12.549961
12.591581
12.631213
12.668849
12.704486
12.738116
12.769734
12.799336
12.826917
12.852473
12.875999
12.897491
12.916947
12.934363
12.949737
12.963066
12.974347
12.983580
12.990763
12.995894
12.998974
13.000000
12.998974
12.995894
12.990763
12.983580
12.974347
12.963066
12.949737
12.934363
12.916947
12.897491
12.875999
12.852473
12.826917
12.799336
12.769734
12.738116
12.704486
12.668849
12.631213
12.591581
12.549961
12.506360
12.460783
12.413239
12.363735
12.312278
12.258877
12.203540
12.146276
12.087094
12.026004
11.963014
11.898135
11.831378
11.762752
11.692268
11.619939
11.545774
11.469786
11.391987
11.312389
11.231004
11.147847
11.062928
10.976263
10.887865
10.797747
10.705924
10.612410
10.517221
10.420371
10.321875
10.221750
10.120010
10.016672
9.911753
9.805268
9.697235
9.587671
9.476592
9.364017
9.249964
9.134450
9.017493
8.899112
8.779327
8.658154
8.535615
8.411728
8.286512
8.159988
8.032175
7.903094
7.772765
7.641208
7.508445
7.374496
7.239383
7.103127
6.965748
6.827270
6.687714
6.547102
6.405455
6.262798
6.119151
5.974538
5.828982
5.682505
5.535131
5.386883
5.237784
5.087858
4.937128
4.785619
4.633354
4.480358
4.326654
4.172267
4.017221
3.861541
3.705250
3.548375
3.390940
3.232969
3.074487
2.915520
2.756092
2.596230
2.435957
2.275300
2.114283
1.952933
1.791274
1.629332
1.467133
1.304702
1.142066
0.979248
0.816277
0.653176
0.489972
0.326691
0.163359
-0.000000
-0.163359
-0.326691
-0.489972
-0.653176
-0.816277
-0.979248
-1.142066
-1.304702
-1.467133
-1.629332
-1.791274
-1.952933
-2.114283
-2.275300
-2.435957
-2.596230
-2.756092
-2.915520
-3.074487
-3.232969
-3.390940
-3.548375
-3.705250
-3.861541
-4.017221
-4.172267
-4.326654
-4.480358
-4.633354
-4.785619
-4.937128
-5.087858
-5.237784
-5.386883
-5.535131
-5.682505
-5.828982
-5.974538
-6.119151
-6.262798
-6.405455
-6.547102
-6.687714
-6.827270
-6.965748
-7.103127
-7.239383
-7.374496
-7.508445
-7.641208
-7.772765
-7.903094
-8.032175
-8.159988
-8.286512
-8.411728
-8.535615
-8.658154
-8.779327
-8.899112
-9.017493
-9.134450
-9.249964
-9.364017
-9.476592
-9.587671
-9.697235
-9.805268
-9.911753
-10.016672
-10.120010
-10.221750
-10.321875
-10.420371
-10.517221
-10.612410
-10.705924
-10.797747
-10.887865
-10.976263
-11.062928
-11.147847
-11.231004
-11.312389
-11.391987
-11.469786
-11.545774
-11.619939
-11.692268
-11.762752
-11.831378
-11.898135
-11.963014
-12.026004
-12.087094
-12.146276
-12.203540
-12.258877
-12.312278
-12.363735
-12.413239
-12.460783
-12.506360
-12.549961
-12.591581
-12.631213
-12.668849
-12.704486
-12.738116
-12.769734
-12.799336
-12.826917
-12.852473
-12.875999
-12.897491
-12.916947
-12.934363
-12.949737
-12.963066
-12.974347
-12.983580
-12.990763
-12.995894
-12.998974
-13.000000
-12.998974
-12.995894
-12.990763
-12.983580
-12.974347
-12.963066
-12.949737
-12.934363
-12.916947
-12.897491
-12.875999
-12.852473
-12.826917
-12.799336
-12.769734
-12.738116
-12.704486
-12.668849
-12.631213
-12.591581
-12.549961
-12.506360
-12.460783
-12.413239
-12.363735
-12.312278
-12.258877
-12.203540
-12.146276
-12.087094
-12.026004
-11.963014
-11.898135
-11.831378
-11.762752
-11.692268
-11.619939
-11.545774
-11.469786
-11.391987
-11.312389
-11.231004
-11.147847
-11.062928
-10.976263
-10.887865
-10.797747
-10.705924
-10.612410
-10.517221
-10.420371
-10.321875
-10.221750
-10.120010
-10.016672
-9.911753
-9.805268
-9.697235
-9.587671
-9.476592
-9.364017
-9.249964
-9.134450
-9.017493
-8.899112
-8.779327
-8.658154
-8.535615
-8.411728
-8.286512
-8.159988
-8.032175
-7.903094
-7.772765
-7.641208
-7.508445
-7.374496
-7.239383
-7.103127
-6.965748
-6.827270
-6.687714
-6.547102
-6.405455
-6.262798
-6.119151
-5.974538
-5.828982
-5.682505
-5.535131
-5.386883
-5.237784
-5.087858
-4.937128
-4.785619
-4.633354
-4.480358
-4.326654
-4.172267
-4.017221
-3.861541
-3.705250
-3.548375
-3.390940
-3.232969
-3.074487
-2.915520
-2.756092
-2.596230
-2.435957
-2.275300
-2.114283
-1.952933
-1.791274
-1.629332
-1.467133
-1.304702
-1.142066
-0.979248
-0.816277
-0.653176
-0.489972
-0.326691
-0.163359
0.000000
0.163359
0.326691
0.489972
0.653176
0.816277
0.979248
1.142066
1.304702
1.467133
1.629332
1.791274
1.952933
2.114283
2.275300
2.435957
2.596230
2.756092
2.915520
3.074487
3.232969
3.390940
3.548375
3.705250
3.861541
4.017221
4.172267
4.326654
4.480358
4.633354
4.785619
4.937128
5.087858
5.237784
5.386883
5.535131
5.682505
5.828982
5.974538
6.119151
6.262798
6.405455
6.547102
6.687714
6.827270
6.965748
7.103127
7.239383
7.374496
7.508445
7.641208
7.772765
7.903094
8.032175
8.159988
8.286512
8.411728
8.535615
8.658154
8.779327
8.899112
9.017493
9.134450
9.249964
9.364017
9.476592
9.587671
9.697235
9.805268
9.911753
10.016672
10.120010
10.221750
10.321875
10.420371
10.517221
10.612410
10.705924
10.797747
10.887865
10.976263
11.062928
11.147847
11.231004
11.312389
11.391987
11.469786
11.545774
11.619939
11.692268
11.762752
11.831378
11.898135
11.963014
12.026004
12.087094
12.146276
12.203540
12.258877
12.312278
12.363735
12.413239
12.460783
12.506360
12.549961
12.591581
12.631213
12.668849
12.704486
12.738116
12.769734
12.799336
12.826917
12.852473
12.875999
12.897491
12.916947
12.934363
12.949737
12.963066
12.974347
12.983580
12.990763
12.995894
12.998974
13.000000
12.998974
12.995894
12.990763
12.983580
12.974347
12.963066
12.949737
12.934363
12.916947
12.897491
12.875999
12.852473
12.826917
12.799336
12.769734
12.738116
12.704486
12.668849
12.631213
12.591581
12.549961
12.506360
12.460783
12.413239
12.363735
12.312278
12.258877
12.203540
12.146276
12.087094
12.026004
11.963014
11.898135
11.831378
11.762752
11.692268
11.619939
11.545774
11.469786
11.391987
11.312389
11.231004
11.147847
11.062928
10.976263
10.887865
10.797747
10.705924
10.612410
10.517221
10.420371
10.321875
10.221750
10.120010
10.016672
9.911753
9.805268
9.697235
9.587671
9.476592
9.364017
9.249964
9.134450
9.017493
8.899112
8.779327
8.658154
8.535615
8.411728
8.286512
8.159988
8.032175
7.903094
7.772765
7.641208
7.508445
7.374496
7.239383
7.103127
6.965748
6.827270
6.687714
6.547102
6.405455
6.262798
6.119151
5.974538
5.828982
5.682505
5.535131
5.386883
5.237784
5.087858
4.937128
4.785619
4.633354
4.480358
4.326654
4.172267
4.017221
3.861541
3.705250
3.548375
3.390940
3.232969
3.074487
2.915520
2.756092
2.596230
2.435957
2.275300
2.114283
1.952933
1.791274
1.629332
1.467133
1.304702
1.142066
0.979248
0.816277
0.653176
0.489972
0.326691
0.163359
0.000000
-0.163359
-0.326691
-0.489972
-0.653176
-0.816277
-0.979248
-1.142066
-1.304702
-1.467133
-1.629332
-1.791274
-1.952933
-2.114283
-2.275300
-2.435957
-2.596230
-2.756092
-2.915520
-3.074487
-3.232969
-3.390940
-3.548375
-3.705250
-3.861541
-4.017221
-4.172267
-4.326654
-4.480358
-4.633354
-4.785619
-4.937128
-5.087858
-5.237784
-5.386883
-5.535131
-5.682505
-5.828982
-5.974538
-6.119151
-6.262798
-6.405455
-6.547102
-6.687714
-6.827270
-6.965748
-7.103127
-7.239383
-7.374496
-7.508445
-7.641208
-7.772765
-7.903094
-8.032175
-8.159988
-8.286512
-8.411728
-8.535615
-8.658154
-8.779327
-8.899112
-9.017493
-9.134450
-9.249964
-9.364017
-9.476592
-9.587671
-9.697235
-9.805268
-9.911753
-10.016672
-10.120010
-10.221750
-10.321875
-10.420371
-10.517221
-10.612410
-10.705924
-10.797747
-10.887865
-10.976263
-11.062928
-11.147847
-11.231004
-11.312389
-11.391987
-11.469786
-11.545774
-11.619939
-11.692268
-11.762752
-11.831378
-11.898135
-11.963014
-12.026004
-12.087094
-12.146276
-12.203540
-12.258877
-12.312278
-12.363735
-12.413239
-12.460783
-12.506360
-12.549961
-12.591581
-12.631213
-12.668849
-12.704486
-12.738116
-12.769734
-12.799336
-12.826917
-12.852473
-12.875999
-12.897491
-12.916947
-12.934363
-12.949737
-12.963066
-12.974347
-12.983580
-12.990763
-12.995894
-12.998974
-13.000000
-12.998974
-12.995894
-12.990763
-12.983580
-12.974347
-12.963066
-12.949737
-12.934363
-12.916947
-12.897491
-12.875999
-12.852473
-12.826917
-12.799336
-12.769734
-12.738116
-12.704486
-12.668849
-12.631213
-12.591581
-12.549961
-12.506360
-12.460783
-12.413239
-12.363735
-12.312278
-12.258877
-12.203540
-12.146276
-12.087094
-12.026004
-11.963014
-11.898135
-11.831378
-11.762752
-11.692268
-11.619939
-11.545774
-11.469786
-11.391987
-11.312389
-11.231004
-11.147847
-11.062928
-10.976263
-10.887865
-10.797747
-10.705924
-10.612410
-10.517221
-10.420371
-10.321875
-10.221750
-10.120010
-10.016672
-9.911753
-9.805268
-9.697235
-9.587671
-9.476592
-9.364017
-9.249964
-9.134450
-9.017493
-8.899112
-8.779327
-8.658154
-8.535615
-8.411728
-8.286512
-8.159988
-8.032175
-7.903094
-7.772765
-7.641208
-7.508445
-7.374496
-7.239383
-7.103127
-6.965748
-6.827270
-6.687714
-6.547102
-6.405455
-6.262798
-6.119151
-5.974538
-5.828982
-5.682505
-5.535131
-5.386883
-5.237784
-5.087858
-4.937128
-4.785619
-4.633354
-4.480358
-4.326654
-4.172267
-4.017221
-3.861541
-3.705250
-3.548375
-3.390940
-3.232969
-3.074487
-2.915520
-2.756092
-2.596230
-2.435957
-2.275300
-2.114283
-1.952933
-1.791274
-1.629332
-1.467133
-1.304702
-1.142066
-0.979248
-0.816277
-0.653176
-0.489972
-0.326691
-0.163359
