5.407428
5.454300
5.495237
5.530234
5.559291
5.582421
5.599649
5.611007
5.616537
5.616293
5.610337
5.598739
5.581578
5.558944
5.530931
5.497644
5.459195
5.415702
5.367290
5.314091
5.256242
5.193888
5.127176
5.056260
4.981299
4.902454
4.819891
4.733781
4.644294
4.551607
4.455896
4.357341
4.256122
4.152423
4.046425
3.938313
3.828270
3.716480
3.603126
3.488391
3.372458
3.255506
3.137715
3.019262
2.900323
2.781071
2.661677
2.542309
2.423133
2.304311
2.186002
2.068362
1.951544
1.835696
1.720963
1.607486
1.495401
1.384842
1.275936
1.168807
1.063575
0.960354
0.859254
0.760381
0.663833
0.569708
0.478095
0.389079
0.302741
0.219155
0.138392
0.060514
-0.014417
-0.086350
-0.155235
-0.221031
-0.283698
-0.343207
-0.399529
-0.452646
-0.502541
-0.549206
-0.592636
-0.632832
-0.669803
-0.703561
-0.734125
-0.761519
-0.785772
-0.806919
-0.825002
-0.840067
-0.852165
-0.861353
-0.867694
-0.871255
-0.872109
-0.870333
-0.866011
-0.859230
-0.850082
-0.838664
-0.825077
-0.809428
-0.791827
-0.772385
-0.751223
-0.728459
-0.704219
-0.678631
-0.651824
-0.623931
-0.595088
-0.565432
-0.535101
-0.504237
-0.472981
-0.441475
-0.409862
-0.378285
-0.346887
-0.315808
-0.285191
-0.255175
-0.225897
-0.197494
-0.170097
-0.143837
-0.118840
-0.095230
-0.073124
-0.052636
-0.033875
-0.016944
-0.001941
0.011043
0.021924
0.030623
0.037072
0.041207
0.042974
0.042327
0.039229
0.033651
0.025574
0.014988
0.001894
-0.013698
-0.031768
-0.052287
-0.075212
-0.100493
-0.128068
-0.157864
-0.189798
-0.223778
-0.259697
-0.297442
-0.336889
-0.377900
-0.420332
-0.464028
-0.508825
-0.554549
-0.601017
-0.648036
-0.695409
-0.742926
-0.790374
-0.837530
-0.884167
-0.930050
-0.974940
-1.018594
-1.060763
-1.101195
-1.139638
-1.175833
-1.209524
-1.240452
-1.268358
-1.292985
-1.314078
-1.331381
-1.344644
-1.353620
-1.358068
-1.357749
-1.352433
-1.341897
-1.325923
-1.304304
-1.276841
-1.243345
-1.203637
-1.157552
-1.104932
-1.045636
-0.979533
-0.906507
-0.826457
-0.739296
-0.644950
-0.543365
-0.434498
-0.318327
-0.194844
-0.064059
0.074003
0.219297
0.371761
0.531318
0.697869
0.871302
1.051486
1.238271
1.431492
1.630966
1.836493
2.047859
2.264832
2.487165
2.714596
2.946848
3.183631
3.424642
3.669564
3.918068
4.169817
4.424458
4.681634
4.940976
5.202107
5.464644
5.728199
5.992376
6.256778
6.521002
6.784645
7.047302
7.308568
7.568038
7.825311
8.079987
8.331671
8.579973
8.824509
9.064902
9.300783
9.531791
9.757577
9.977802
10.192137
10.400269
10.601895
10.796728
10.984495
11.164940
11.337823
11.502918
11.660021
11.808942
11.949512
12.081581
12.205015
12.319703
12.425552
12.522488
12.610461
12.689436
12.759401
12.820364
12.872352
12.915413
12.949612
12.975037
12.991792
13.000000
12.999804
12.991361
12.974850
12.950461
12.918405
12.878903
12.832194
12.778530
12.718175
12.651405
12.578508
12.499780
12.415528
12.326069
12.231723
12.132819
12.029692
11.922679
11.812121
11.698364
11.581750
11.462626
11.341336
11.218222
11.093623
10.967877
10.841313
10.714257
10.587028
10.459938
10.333290
10.207377
10.082484
9.958884
9.836839
9.716601
9.598406
9.482478
9.369030
9.258258
9.150344
9.045456
8.943745
8.845350
8.750392
8.658976
8.571193
8.487116
8.406804
8.330300
8.257630
8.188808
8.123828
8.062674
8.005313
7.951698
7.901769
7.855452
7.812662
7.773300
7.737257
7.704413
7.674636
7.647787
7.623718
7.602271
7.583283
7.566583
7.551996
7.539340
7.528432
7.519083
7.511103
7.504300
7.498482
7.493457
7.489034
7.485022
7.481236
7.477492
7.473609
7.469413
7.464734
7.459409
7.453281
7.446201
7.438027
7.428625
7.417871
7.405649
7.391854
7.376390
7.359172
7.340123
7.319181
7.296290
7.271409
7.244506
7.215560
7.184561
7.151510
7.116420
7.079311
7.040218
6.999181
6.956255
6.911499
6.864985
6.816792
6.767006
6.715721
6.663040
6.609070
6.553925
6.497722
6.440586
6.382643
6.324024
6.264861
6.205288
6.145441
6.085455
6.025467
5.965610
5.906016
5.846817
5.788137
5.730101
5.672827
5.616427
5.561009
5.506674
5.453516
5.401620
5.351067
5.301925
5.254255
5.208110
5.163530
5.120549
5.079187
5.039456
5.001357
4.964879
4.930001
4.896690
4.864905
4.834590
4.805682
4.778103
4.751770
4.726586
4.702444
4.679229
4.656817
4.635074
4.613859
4.593021
4.572403
4.551843
4.531170
4.510210
4.488782
4.466702
4.443783
4.419835
4.394666
4.368083
4.339891
4.309899
4.277915
4.243748
4.207212
4.168124
4.126305
4.081580
4.033783
3.982751
3.928333
3.870381
3.808760
3.743343
3.674011
3.600659
3.523191
3.441525
3.355588
3.265323
3.170684
3.071639
2.968169
2.860271
2.747953
2.631241
2.510172
2.384801
2.255193
2.121432
1.983614
1.841848
1.696259
1.546985
1.394178
1.238001
1.078632
0.916259
0.751083
0.583315
0.413178
0.240903
0.066732
-0.109088
-0.286297
-0.464633
-0.643826
-0.823600
-1.003675
-1.183769
-1.363596
-1.542867
-1.721295
-1.898591
-2.074467
-2.248639
-2.420823
-2.590740
-2.758117
-2.922685
-3.084181
-3.242350
-3.396946
-3.547730
-3.694474
-3.836959
-3.974980
-4.108341
-4.236859
-4.360364
-4.478702
-4.591729
-4.699318
-4.801357
-4.897748
-4.988410
-5.073277
-5.152300
-5.225444
-5.292693
-5.354045
-5.409516
-5.459137
-5.502955
-5.541035
-5.573454
-5.600308
-5.621706
-5.637771
-5.648641
-5.654468
-5.655417
-5.651664
-5.643399
-5.630821
-5.614141
-5.593580
-5.569366
-5.541737
-5.510938
-5.477220
-5.440839
-5.402056
-5.361138
-5.318352
-5.273968
-5.228257
-5.181491
-5.133940
-5.085871
-5.037553
-4.989246
-4.941210
-4.893697
-4.846954
-4.801221
-4.756730
-4.713705
-4.672362
-4.632905
-4.595528
-4.560416
-4.527740
-4.497661
-4.470326
-4.445870
-4.424413
-4.406063
-4.390915
-4.379047
-4.370525
-4.365401
-4.363711
-4.365478
-4.370709
-4.379399
-4.391527
-4.407060
-4.425950
-4.448137
-4.473548
-4.502096
-4.533684
-4.568203
-4.605534
-4.645544
-4.688096
-4.733039
-4.780217
-4.829464
-4.880609
-4.933474
-4.987876
-5.043627
-5.100535
-5.158407
-5.217046
-5.276255
-5.335835
-5.395590
-5.455323
-5.514840
-5.573950
-5.632465
-5.690204
-5.746987
-5.802643
-5.857008
-5.909922
-5.961238
-6.010812
-6.058514
-6.104220
-6.147818
-6.189207
-6.228295
-6.265003
-6.299263
-6.331019
-6.360227
-6.386855
-6.410883
-6.432305
-6.451125
-6.467362
-6.481044
-6.492213
-6.500924
-6.507240
-6.511239
-6.513007
-6.512643
-6.510254
-6.505958
-6.499882
-6.492159
-6.482934
-6.472357
-6.460584
-6.447777
-6.434106
-6.419742
-6.404861
-6.389644
-6.374269
-6.358921
-6.343783
-6.329036
-6.314863
-6.301444
-6.288955
-6.277570
-6.267459
-6.258786
-6.251709
-6.246379
-6.242942
-6.241534
-6.242284
-6.245310
-6.250721
-6.258616
-6.269083
-6.282199
-6.298028
-6.316624
-6.338026
-6.362263
-6.389348
-6.419285
-6.452060
-6.487649
-6.526013
-6.567101
-6.610847
-6.657174
-6.705989
-6.757190
-6.810659
-6.866268
-6.923878
-6.983335
-7.044479
-7.107135
-7.171123
-7.236249
-7.302315
-7.369112
-7.436424
-7.504031
-7.571706
-7.639215
-7.706325
-7.772794
-7.838383
-7.902847
-7.965944
-8.027430
-8.087064
-8.144605
-8.199816
-8.252465
-8.302322
-8.349165
-8.392777
-8.432948
-8.469478
-8.502173
-8.530851
-8.555337
-8.575472
-8.591102
-8.602091
-8.608312
-8.609653
-8.606015
-8.597313
-8.583476
-8.564449
-8.540191
-8.510678
-8.475899
-8.435860
-8.390582
-8.340103
-8.284475
-8.223767
-8.158062
-8.087458
-8.012069
-7.932023
-7.847462
-7.758542
-7.665432
-7.568314
-7.467382
-7.362843
-7.254912
-7.143817
-7.029794
-6.913089
-6.793954
-6.672652
-6.549448
-6.424616
-6.298432
-6.171177
-6.043135
-5.914591
-5.785833
-5.657147
-5.528819
-5.401134
-5.274371
-5.148810
-5.024723
-4.902379
-4.782038
-4.663957
-4.548381
-4.435549
-4.325690
-4.219021
-4.115751
-4.016077
-3.920181
-3.828237
-3.740403
-3.656823
-3.577630
-3.502938
-3.432851
-3.367456
-3.306823
-3.251011
-3.200059
-3.153994
-3.112825
-3.076548
-3.045141
-3.018569
-2.996781
-2.979712
-2.967282
-2.959397
-2.955950
-2.956820
-2.961875
-2.970968
-2.983944
-3.000635
-3.020864
-3.044442
-3.071173
-3.100855
-3.133275
-3.168215
-3.205452
-3.244758
-3.285901
-3.328643
-3.372750
-3.417980
-3.464094
-3.510854
-3.558020
-3.605357
-3.652632
-3.699615
-3.746081
-3.791810
-3.836589
-3.880211
-3.922476
-3.963192
-4.002179
-4.039261
-4.074276
-4.107072
-4.137506
-4.165449
-4.190781
-4.213397
-4.233202
-4.250115
-4.264067
-4.275004
-4.282883
-4.287675
-4.289364
-4.287948
-4.283437
-4.275854
-4.265236
-4.251632
-4.235101
-4.215717
-4.193564
-4.168737
-4.141342
-4.111495
-4.079320
-4.044954
-4.008538
-3.970224
-3.930168
-3.888536
-3.845497
-3.801226
-3.755902
-3.709707
-3.662828
-3.615451
-3.567764
-3.519956
-3.472215
-3.424729
-3.377682
-3.331257
-3.285632
-3.240981
-3.197475
-3.155277
-3.114544
-3.075426
-3.038067
-3.002600
-2.969150
-2.937835
-2.908760
-2.882021
-2.857703
-2.835880
-2.816615
-2.799958
-2.785947
-2.774610
-2.765960
-2.759998
-2.756713
-2.756082
-2.758067
-2.762621
-2.769680
-2.779173
-2.791012
-2.805101
-2.821330
-2.839579
-2.859717
-2.881602
-2.905084
-2.930001
-2.956183
-2.983452
-3.011623
-3.040502
-3.069889
-3.099580
-3.129363
-3.159023
-3.188341
-3.217096
-3.245062
-3.272016
-3.297729
-3.321975
-3.344530
-3.365168
-3.383668
-3.399812
-3.413383
-3.424172
-3.431973
-3.436588
-3.437823
-3.435493
-3.429421
-3.419438
-3.405383
-3.387108
-3.364472
-3.337346
-3.305611
-3.269162
-3.227903
-3.181752
-3.130639
-3.074509
-3.013315
-2.947030
-2.875634
-2.799124
-2.717512
-2.630819
-2.539083
-2.442355
-2.340699
-2.234191
-2.122923
-2.006998
-1.886531
-1.761651
-1.632497
-1.499222
-1.361987
-1.220967
-1.076346
-0.928317
-0.777083
-0.622856
-0.465857
-0.306312
-0.144457
0.019468
0.185216
0.352534
0.521166
0.690852
0.861328
1.032328
1.203585
1.374830
1.545793
1.716204
1.885796
2.054301
2.221455
2.386996
2.550664
2.712206
2.871371
3.027914
3.181596
3.332183
3.479449
3.623175
3.763149
3.899167
4.031034
4.158563
4.281577
4.399908
4.513398
4.621899
4.725273
4.823392
4.916140
5.003410
5.085107
5.161147
5.231456
5.295971
5.354643
