0.000004
0.000004
0.000005
0.000006
0.000006
0.000007
0.000008
0.000009
0.000010
0.000012
0.000013
0.000015
0.000017
0.000020
0.000022
0.000025
0.000029
0.000032
0.000037
0.000042
0.000047
0.000054
0.000061
0.000069
0.000078
0.000089
0.000101
0.000115
0.000130
0.000147
0.000167
0.000190
0.000215
0.000244
0.000277
0.000314
0.000356
0.000404
0.000458
0.000519
0.000589
0.000668
0.000758
0.000860
0.000975
0.001106
0.001255
0.001423
0.001614
0.001831
0.002077
0.002356
0.002672
0.003031
0.003438
0.003899
0.004423
0.005017
0.005690
0.006454
0.007321
0.008304
0.009419
0.010684
0.012119
0.013746
0.015592
0.017685
0.020060
0.022753
0.025809
0.029274
0.033205
0.037664
0.042721
0.048458
0.054965
0.062345
0.070717
0.080212
0.090983
0.103200
0.117057
0.132775
0.150604
0.170827
0.193765
0.219783
0.249295
0.282770
0.320739
0.363807
0.412658
0.468069
0.530920
0.602211
0.683074
0.774795
0.878833
0.996840
1.122303
1.240422
1.344643
1.436572
1.517626
1.589052
1.651952
1.707297
1.755943
1.798645
1.836069
1.868802
1.897362
1.922204
1.943732
1.962299
1.978219
1.991767
2.003186
2.012690
2.020468
2.026685
2.031488
2.035005
2.037351
2.038624
2.038912
2.038293
2.036834
2.034595
2.031629
2.027981
2.023691
2.018796
2.013326
2.007308
2.000767
1.993724
1.986196
1.978200
1.969751
1.960861
1.951541
1.941801
1.931650
1.921095
1.910144
1.898803
1.887079
1.874975
1.862499
1.849654
1.836445
1.822876
1.808953
1.794679
1.780059
1.765098
1.749799
1.734168
1.718209
1.701927
1.685328
1.668416
1.651197
1.633678
1.615863
1.597760
1.579373
1.560711
1.541781
1.522588
1.503141
1.483447
1.463515
1.443351
1.422965
1.402365
1.381560
1.360558
1.339369
1.318003
1.296467
1.274773
1.252929
1.230946
1.208833
1.186602
1.164260
1.141820
1.119292
1.096685
1.074010
1.051277
1.028498
1.005681
0.982839
0.959980
0.937115
0.914255
0.891409
0.868589
0.845802
0.823061
0.800373
0.777749
0.755198
0.732730
0.710353
0.688077
0.665910
0.643861
0.621938
0.600149
0.578502
0.557005
0.535665
0.514490
0.493486
0.472661
0.452020
0.431570
0.411317
0.391266
0.371424
0.351794
0.332383
0.313194
0.294232
0.275502
0.257006
0.238749
0.220734
0.202963
0.185441
0.168168
0.151148
0.134382
0.117872
0.101620
0.085626
0.069893
0.054419
0.039207
0.024255
0.009565
-0.004864
-0.019033
-0.032943
-0.046593
-0.059987
-0.073124
-0.086007
-0.098637
-0.111016
-0.123148
-0.135034
-0.146677
-0.158080
-0.169246
-0.180178
-0.190881
-0.201358
-0.211613
-0.221651
-0.231475
-0.241090
-0.250502
-0.259715
-0.268735
-0.277567
-0.286217
-0.294692
-0.302996
-0.311137
-0.319121
-0.326956
-0.334647
-0.342203
-0.349630
-0.356938
-0.364133
-0.371223
-0.378218
-0.385125
-0.391954
-0.398713
-0.405412
-0.412060
-0.418667
-0.425242
-0.431795
-0.438338
-0.444879
-0.451430
-0.458001
-0.464604
-0.471248
-0.477946
-0.484708
-0.491546
-0.498472
-0.505496
-0.512631
-0.519888
-0.527279
-0.534816
-0.542511
-0.550375
-0.558420
-0.566658
-0.575100
-0.583758
-0.592644
-0.601768
-0.611142
-0.620778
-0.630685
-0.640874
-0.651356
-0.662141
-0.673238
-0.684657
-0.696407
-0.708497
-0.720935
-0.733729
-0.746886
-0.760413
-0.774317
-0.788603
-0.803278
-0.818345
-0.833809
-0.849674
-0.865942
-0.882615
-0.899695
-0.917183
-0.935079
-0.953383
-0.972092
-0.991204
-1.010717
-1.030627
-1.050929
-1.071617
-1.092686
-1.114128
-1.135935
-1.158098
-1.180608
-1.203454
-1.226625
-1.250109
-1.273892
-1.297962
-1.322302
-1.346899
-1.371735
-1.396795
-1.422060
-1.447512
-1.473132
-1.498902
-1.524800
-1.550807
-1.576900
-1.603059
-1.629261
-1.655483
-1.681704
-1.707899
-1.734046
-1.760120
-1.786099
-1.811958
-1.837674
-1.863222
-1.888580
-1.913723
-1.938629
-1.963274
-1.987636
-2.011692
-2.035421
-2.058801
-2.081812
-2.104435
-2.126649
-2.148437
-2.169780
-2.190663
-2.211070
-2.230987
-2.250400
-2.269297
-2.287667
-2.305501
-2.322790
-2.339529
-2.355710
-2.371332
-2.386390
-2.400886
-2.414820
-2.428194
-2.441014
-2.453284
-2.465014
-2.476213
-2.486893
-2.497067
-2.506750
-2.515960
-2.524715
-2.533036
-2.540945
-2.548468
-2.555630
-2.562460
-2.568986
-2.575242
-2.581259
-2.587072
-2.592719
-2.598237
-2.603665
-2.609044
-2.614418
-2.619828
-2.625320
-2.630940
-2.636734
-2.642751
-2.649040
-2.655649
-2.662630
-2.670033
-2.677909
-2.686310
-2.695288
-2.704894
-2.715182
-2.726203
-2.738008
-2.750648
-2.764176
-2.778640
-2.794091
-2.810576
-2.828144
-2.846841
-2.866712
-2.887801
-2.910150
-2.933800
-2.958789
-2.985154
-3.012930
-3.042151
-3.072845
-3.105042
-3.138766
-3.174041
-3.210887
-3.249321
-3.289358
-3.331009
-3.374282
-3.419182
-3.465711
-3.513869
-3.563649
-3.615044
-3.668041
-3.722626
-3.778779
-3.836478
-3.895697
-3.956405
-4.018570
-4.082152
-4.147113
-4.213407
-4.280985
-4.349797
-4.419785
-4.490892
-4.563055
-4.636208
-4.710282
-4.785203
-4.860897
-4.937284
-5.014282
-5.091807
-5.169770
-5.248082
-5.326649
-5.405377
-5.484167
-5.562920
-5.641533
-5.719904
-5.797927
-5.875495
-5.952501
-6.028833
-6.104383
-6.179039
-6.252690
-6.325222
-6.396524
-6.466484
-6.534988
-6.601924
-6.667182
-6.730651
-6.792220
-6.851780
-6.909226
-6.964450
-7.017348
-7.067819
-7.115762
-7.161080
-7.203677
-7.243460
-7.280339
-7.314229
-7.345044
-7.372706
-7.397136
-7.418262
-7.436014
-7.450328
-7.461141
-7.468396
-7.472042
-7.472028
-7.468313
-7.460855
-7.449621
-7.434581
-7.415710
-7.392988
-7.366401
-7.335938
-7.301594
-7.263370
-7.221271
-7.175307
-7.125494
-7.071853
-7.014409
-6.953193
-6.888240
-6.819592
-6.747294
-6.671396
-6.591953
-6.509026
-6.422678
-6.332979
-6.240002
-6.143824
-6.044526
-5.942196
-5.836920
-5.728794
-5.617914
-5.504379
-5.388293
-5.269763
-5.148897
-5.025808
-4.900611
-4.773421
-4.644359
-4.513545
-4.381102
-4.247154
-4.111827
-3.975247
-3.837544
-3.698844
-3.559278
-3.418975
-3.278063
-3.136674
-2.994936
-2.852979
-2.710929
-2.568916
-2.427064
-2.285499
-2.144346
-2.003725
-1.863758
-1.724563
-1.586255
-1.448950
-1.312759
-1.177791
-1.044152
-0.911946
-0.781273
-0.652231
-0.524914
-0.399413
-0.275816
-0.154206
-0.034663
0.082735
0.197916
0.310811
0.421355
0.529486
0.635148
0.738287
0.838854
0.936805
1.032097
1.124696
1.214566
1.301681
1.386015
1.467548
1.546262
1.622146
1.695191
1.765391
1.832745
1.897257
1.958933
2.017781
2.073817
2.127056
2.177519
2.225229
2.270213
2.312501
2.352124
2.389118
2.423521
2.455374
2.484720
2.511604
2.536074
2.558180
2.577974
2.595508
2.610838
2.624022
2.635117
2.644183
2.651281
2.656473
2.659822
2.661392
2.661246
2.659451
2.656070
2.651171
2.644819
2.637081
2.628021
2.617707
2.606204
2.593577
2.579892
2.565213
2.549603
2.533126
2.515845
2.497820
2.479112
2.459781
2.439886
2.419483
2.398628
2.377377
2.355782
2.333896
2.311770
2.289452
2.266991
2.244432
2.221820
2.199199
2.176608
2.154090
2.131680
2.109417
2.087334
2.065466
2.043843
2.022496
2.001452
1.980739
1.960381
1.940403
1.920825
1.901668
1.882952
1.864692
1.846905
1.829606
1.812806
1.796519
1.780753
1.765518
1.750821
1.736669
1.723066
1.710017
1.697525
1.685591
1.674217
1.663401
1.653143
1.643440
1.634291
1.625689
1.617633
1.610115
1.603130
1.596672
1.590733
1.585305
1.580380
1.575950
1.572004
1.568534
1.565528
1.562978
1.560871
1.559197
1.557945
1.557104
1.556661
1.556605
1.556924
1.557606
1.558639
1.560011
1.561710
1.563723
1.566040
1.568646
1.571532
1.574684
1.578092
1.581743
1.585626
1.589729
1.594042
1.598553
1.603252
1.608128
1.613170
1.618368
1.623713
1.629195
1.634803
1.640530
1.646365
1.652301
1.658328
1.664439
1.670626
1.676880
1.683195
1.689563
1.695978
1.702433
1.708922
1.715439
1.721977
1.728533
1.735099
1.741673
1.748248
1.754820
1.761387
1.767942
1.774484
1.781009
1.787513
1.793993
1.800448
1.806874
1.813270
1.819634
1.825963
1.832257
1.838514
1.844732
1.850911
1.857050
1.863149
1.869206
1.875221
1.881195
1.887127
1.893016
1.898864
1.904670
1.910434
1.916157
1.921838
1.927479
1.933080
1.938640
1.944161
1.949642
1.955084
1.960487
1.965851
1.971175
1.976461
1.981708
1.986914
1.992081
1.997206
2.002289
2.007329
2.012325
2.017275
2.022177
2.027028
2.031827
2.036570
2.041254
2.045877
2.050433
2.054918
2.059329
2.063659
2.067903
2.072055
2.076108
2.080055
2.083889
2.087600
2.091181
2.094621
2.097910
2.101037
2.103990
2.106757
2.109325
2.111678
2.113802
2.115680
2.117294
2.118626
2.119656
2.120361
2.120719
2.120704
2.120289
2.119446
2.118142
2.116344
2.114014
2.111112
2.107593
2.103409
2.098507
2.092829
2.086311
2.078881
2.070462
2.060965
2.050295
2.038343
2.024990
2.010102
1.993529
1.975102
1.954634
1.931912
1.906698
1.878725
1.847691
1.813254
1.775032
1.732591
1.685439
1.633024
1.574718
1.509813
1.437507
1.356890
1.266933
1.166471
1.054183
0.936018
0.825211
0.727521
0.641396
0.565467
0.498526
0.439510
0.387480
0.341610
0.301169
0.265517
0.234084
0.206373
0.181942
0.160404
0.141415
0.124674
0.109915
0.096903
0.085432
0.075318
0.066402
0.058541
0.051611
0.045501
0.040115
0.035366
0.031179
0.027488
0.024234
0.021365
0.018836
0.016606
0.014640
0.012907
0.011379
0.010032
0.008844
0.007797
0.006874
0.006061
0.005343
0.004711
0.004153
0.003661
0.003228
0.002846
0.002509
0.002212
0.001950
0.001719
0.001516
0.001336
0.001178
0.001039
0.000916
0.000807
0.000712
0.000627
0.000553
0.000488
0.000430
0.000379
0.000334
0.000295
0.000260
0.000229
0.000202
0.000178
0.000157
0.000138
0.000122
0.000108
0.000095
0.000084
0.000074
0.000065
0.000057
0.000051
0.000045
0.000039
0.000035
0.000031
0.000027
0.000024
0.000021
0.000019
0.000017
0.000015
0.000013
0.000012
0.000010
0.000009
0.000008
0.000007
0.000007
0.000006
0.000006
0.000005
0.000005
0.000005
