-0.000040
-0.000042
-0.000045
-0.000048
-0.000051
-0.000054
-0.000058
-0.000062
-0.000066
-0.000070
-0.000074
-0.000079
-0.000084
-0.000090
-0.000096
-0.000102
-0.000108
-0.000116
-0.000123
-0.000131
-0.000139
-0.000149
-0.000158
-0.000168
-0.000179
-0.000191
-0.000203
-0.000217
-0.000231
-0.000246
-0.000262
-0.000279
-0.000297
-0.000316
-0.000336
-0.000358
-0.000381
-0.000406
-0.000433
-0.000461
-0.000490
-0.000522
-0.000556
-0.000592
-0.000631
-0.000672
-0.000715
-0.000762
-0.000811
-0.000864
-0.000920
-0.000979
-0.001043
-0.001111
-0.001183
-0.001259
-0.001341
-0.001428
-0.001521
-0.001620
-0.001725
-0.001837
-0.001956
-0.002083
-0.002218
-0.002362
-0.002515
-0.002678
-0.002852
-0.003037
-0.003234
-0.003444
-0.003668
-0.003906
-0.004159
-0.004429
-0.004716
-0.005022
-0.005348
-0.005695
-0.006065
-0.006459
-0.006878
-0.007324
-0.007799
-0.008305
-0.008844
-0.009418
-0.010029
-0.010680
-0.011373
-0.012111
-0.012897
-0.013734
-0.014626
-0.015575
-0.016585
-0.017662
-0.018808
-0.020028
-0.021375
-0.022944
-0.024767
-0.026825
-0.029098
-0.031569
-0.034220
-0.037034
-0.039995
-0.043089
-0.046299
-0.049613
-0.053017
-0.056498
-0.060043
-0.063642
-0.067282
-0.070952
-0.074643
-0.078344
-0.082046
-0.085739
-0.089415
-0.093066
-0.096683
-0.100259
-0.103787
-0.107258
-0.110668
-0.114009
-0.117275
-0.120460
-0.123560
-0.126568
-0.129480
-0.132291
-0.134997
-0.137593
-0.140076
-0.142441
-0.144686
-0.146807
-0.148801
-0.150666
-0.152398
-0.153996
-0.155457
-0.156780
-0.157962
-0.159002
-0.159899
-0.160651
-0.161259
-0.161720
-0.162034
-0.162202
-0.162222
-0.162095
-0.161820
-0.161399
-0.160831
-0.160117
-0.159258
-0.158255
-0.157108
-0.155820
-0.154391
-0.152822
-0.151117
-0.149275
-0.147300
-0.145194
-0.142957
-0.140593
-0.138105
-0.135494
-0.132763
-0.129915
-0.126953
-0.123880
-0.120699
-0.117413
-0.114024
-0.110538
-0.106956
-0.103283
-0.099521
-0.095676
-0.091749
-0.087746
-0.083669
-0.079523
-0.075311
-0.071039
-0.066708
-0.062325
-0.057892
-0.053414
-0.048896
-0.044340
-0.039752
-0.035136
-0.030495
-0.025835
-0.021158
-0.016471
-0.011776
-0.007078
-0.002382
0.002309
0.006990
0.011658
0.016307
0.020935
0.025536
0.030108
0.034645
0.039144
0.043601
0.048012
0.052373
0.056682
0.060932
0.065123
0.069249
0.073307
0.077294
0.081206
0.085041
0.088795
0.092464
0.096047
0.099539
0.102938
0.106242
0.109447
0.112550
0.115551
0.118445
0.121231
0.123907
0.126470
0.128918
0.131249
0.133463
0.135556
0.137527
0.139375
0.141098
0.142695
0.144164
0.145506
0.146718
0.147799
0.148750
0.149569
0.150255
0.150809
0.151229
0.151515
0.151668
0.151687
0.151573
0.151324
0.150943
0.150428
0.149780
0.149000
0.148089
0.147047
0.145874
0.144573
0.143144
0.141587
0.139905
0.138098
0.136168
0.134116
0.131945
0.129655
0.127248
0.124726
0.122091
0.119345
0.116490
0.113529
0.110463
0.107295
0.104027
0.100661
0.097201
0.093649
0.090008
0.086280
0.082468
0.078575
0.074605
0.070559
0.066443
0.062257
0.058007
0.053695
0.049325
0.044900
0.040423
0.035899
0.031330
0.026721
0.022075
0.017396
0.012688
0.007955
0.003201
-0.001571
-0.006356
-0.011150
-0.015949
-0.020750
-0.025547
-0.030337
-0.035116
-0.039879
-0.044622
-0.049341
-0.054032
-0.058689
-0.063310
-0.067889
-0.072423
-0.076907
-0.081337
-0.085708
-0.090017
-0.094259
-0.098429
-0.102525
-0.106540
-0.110473
-0.114317
-0.118070
-0.121728
-0.125285
-0.128740
-0.132087
-0.135322
-0.138443
-0.141446
-0.144327
-0.147082
-0.149708
-0.152203
-0.154562
-0.156783
-0.158863
-0.160799
-0.162588
-0.164227
-0.165714
-0.167047
-0.168223
-0.169241
-0.170097
-0.170791
-0.171321
-0.171685
-0.171881
-0.171909
-0.171768
-0.171455
-0.170972
-0.170317
-0.169490
-0.168490
-0.167317
-0.165972
-0.164455
-0.162767
-0.160907
-0.158877
-0.156678
-0.154311
-0.151777
-0.149079
-0.146217
-0.143194
-0.140012
-0.136673
-0.133180
-0.129535
-0.125742
-0.121803
-0.117721
-0.113501
-0.109145
-0.104658
-0.100043
-0.095305
-0.090447
-0.085475
-0.080392
-0.075204
-0.069916
-0.064531
-0.059057
-0.053498
-0.047859
-0.042146
-0.036364
-0.030521
-0.024620
-0.018669
-0.012674
-0.006641
-0.000576
0.005515
0.011625
0.017747
0.023875
0.030003
0.036123
0.042230
0.048315
0.054373
0.060397
0.066380
0.072316
0.078196
0.084016
0.089768
0.095445
0.101041
0.106549
0.111964
0.117277
0.122484
0.127577
0.132551
0.137399
0.142116
0.146696
0.151132
0.155420
0.159554
0.163528
0.167338
0.170978
0.174444
0.177731
0.180834
0.183749
0.186473
0.189000
0.191329
0.193454
0.195373
0.197082
0.198580
0.199862
0.200928
0.201775
0.202401
0.202804
0.202983
0.202938
0.202666
0.202168
0.201444
0.200492
0.199314
0.197910
0.196281
0.194428
0.192351
0.190053
0.187536
0.184801
0.181851
0.178689
0.175317
0.171739
0.167958
0.163978
0.159803
0.155436
0.150883
0.146149
0.141237
0.136154
0.130904
0.125494
0.119929
0.114215
0.108359
0.102367
0.096245
0.090001
0.083641
0.077174
0.070605
0.063943
0.057195
0.050369
0.043473
0.036515
0.029503
0.022445
0.015350
0.008226
0.001082
-0.006075
-0.013235
-0.020389
-0.027530
-0.034649
-0.041737
-0.048785
-0.055785
-0.062728
-0.069606
-0.076410
-0.083132
-0.089764
-0.096298
-0.102724
-0.109037
-0.115226
-0.121286
-0.127208
-0.132985
-0.138609
-0.144074
-0.149373
-0.154499
-0.159445
-0.164206
-0.168775
-0.173147
-0.177316
-0.181276
-0.185024
-0.188553
-0.191860
-0.194940
-0.197790
-0.200406
-0.202785
-0.204923
-0.206819
-0.208469
-0.209871
-0.211025
-0.211928
-0.212580
-0.212979
-0.213126
-0.213021
-0.212663
-0.212053
-0.211192
-0.210082
-0.208725
-0.207121
-0.205274
-0.203185
-0.200859
-0.198297
-0.195504
-0.192484
-0.189240
-0.185777
-0.182100
-0.178214
-0.174123
-0.169834
-0.165353
-0.160685
-0.155836
-0.150814
-0.145625
-0.140275
-0.134772
-0.129124
-0.123337
-0.117420
-0.111380
-0.105226
-0.098964
-0.092604
-0.086154
-0.079622
-0.073016
-0.066346
-0.059620
-0.052846
-0.046033
-0.039190
-0.032326
-0.025448
-0.018567
-0.011690
-0.004826
0.002016
0.008828
0.015602
0.022329
0.029002
0.035611
0.042150
0.048610
0.054984
0.061265
0.067445
0.073516
0.079473
0.085308
0.091016
0.096588
0.102021
0.107307
0.112441
0.117418
0.122233
0.126881
0.131357
0.135657
0.139777
0.143713
0.147461
0.151019
0.154384
0.157552
0.160522
0.163292
0.165858
0.168221
0.170379
0.172330
0.174075
0.175612
0.176942
0.178064
0.178980
0.179690
0.180194
0.180494
0.180592
0.180489
0.180187
0.179687
0.178994
0.178108
0.177034
0.175774
0.174331
0.172708
0.170910
0.168940
0.166802
0.164500
0.162038
0.159421
0.156654
0.153740
0.150686
0.147495
0.144173
0.140724
0.137155
0.133470
0.129675
0.125774
0.121774
0.117680
0.113498
0.109232
0.104888
0.100473
0.095991
0.091449
0.086851
0.082203
0.077511
0.072780
0.068015
0.063223
0.058407
0.053575
0.048730
0.043877
0.039023
0.034171
0.029327
0.024496
0.019682
0.014890
0.010124
0.005389
0.000688
-0.003973
-0.008590
-0.013160
-0.017680
-0.022144
-0.026550
-0.030894
-0.035172
-0.039382
-0.043520
-0.047583
-0.051569
-0.055475
-0.059297
-0.063034
-0.066683
-0.070242
-0.073708
-0.077081
-0.080357
-0.083535
-0.086613
-0.089590
-0.092465
-0.095235
-0.097901
-0.100460
-0.102912
-0.105255
-0.107490
-0.109615
-0.111630
-0.113534
-0.115328
-0.117010
-0.118580
-0.120039
-0.121386
-0.122621
-0.123745
-0.124758
-0.125660
-0.126451
-0.127132
-0.127704
-0.128167
-0.128522
-0.128769
-0.128909
-0.128943
-0.128873
-0.128698
-0.128421
-0.128042
-0.127562
-0.126983
-0.126305
-0.125531
-0.124661
-0.123697
-0.122640
-0.121492
-0.120255
-0.118929
-0.117517
-0.116019
-0.114439
-0.112777
-0.111035
-0.109216
-0.107320
-0.105350
-0.103307
-0.101193
-0.099011
-0.096762
-0.094449
-0.092072
-0.089634
-0.087138
-0.084585
-0.081977
-0.079316
-0.076605
-0.073846
-0.071039
-0.068189
-0.065296
-0.062364
-0.059393
-0.056387
-0.053347
-0.050276
-0.047176
-0.044048
-0.040896
-0.037721
-0.034525
-0.031311
-0.028080
-0.024836
-0.021580
-0.018314
-0.015040
-0.011761
-0.008479
-0.005195
-0.001913
0.001367
0.004641
0.007908
0.011166
0.014413
0.017646
0.020864
0.024064
0.027245
0.030404
0.033540
0.036650
0.039734
0.042788
0.045811
0.048801
0.051755
0.054674
0.057553
0.060392
0.063189
0.065942
0.068650
0.071309
0.073920
0.076479
0.078986
0.081439
0.083835
0.086174
0.088454
0.090673
0.092830
0.094922
0.096949
0.098909
0.100800
0.102622
0.104371
0.106048
0.107650
0.109176
0.110625
0.111996
0.113286
0.114495
0.115621
0.116663
0.117620
0.118490
0.119272
0.119965
0.120568
0.121080
0.121498
0.121824
0.122054
0.122188
0.122225
0.122165
0.122005
0.121746
0.121385
0.120923
0.120359
0.119691
0.118919
0.118042
0.117059
0.115970
0.114775
0.113472
0.112061
0.110541
0.108913
0.107176
0.105329
0.103373
0.101306
0.099129
0.096842
0.094445
0.091937
0.089320
0.086591
0.083753
0.080805
0.077747
0.074580
0.071304
0.067919
0.064426
0.060826
0.057201
0.053715
0.050442
0.047368
0.044482
0.041771
0.039226
0.036835
0.034591
0.032483
0.030503
0.028645
0.026899
0.025260
0.023721
0.022275
0.020918
0.019643
0.018446
0.017322
0.016267
0.015276
0.014345
0.013471
0.012650
0.011879
0.011155
0.010476
0.009837
0.009238
0.008675
0.008147
0.007650
0.007184
0.006747
0.006336
0.005950
0.005587
0.005247
0.004927
0.004627
0.004346
0.004081
0.003833
0.003599
0.003380
0.003175
0.002981
0.002800
0.002630
0.002470
0.002320
0.002179
0.002047
0.001922
0.001806
0.001696
0.001593
0.001497
0.001406
0.001321
0.001242
0.001167
0.001096
0.001031
0.000969
0.000911
0.000856
0.000805
0.000757
0.000713
0.000671
0.000631
0.000594
0.000560
0.000527
0.000497
0.000469
0.000442
0.000418
0.000395
0.000373
0.000353
0.000335
0.000318
0.000302
0.000287
0.000273
0.000261
0.000249
0.000238
0.000229
0.000220
0.000212
0.000205
0.000199
0.000194
0.000189
0.000185
0.000182
0.000179
