0.000073
0.000078
0.000083
0.000088
0.000094
0.000100
0.000107
0.000114
0.000121
0.000129
0.000137
0.000146
0.000156
0.000166
0.000177
0.000188
0.000200
0.000213
0.000227
0.000242
0.000258
0.000274
0.000292
0.000311
0.000331
0.000353
0.000376
0.000400
0.000426
0.000454
0.000483
0.000514
0.000548
0.000583
0.000621
0.000662
0.000705
0.000750
0.000799
0.000851
0.000906
0.000965
0.001027
0.001094
0.001165
0.001241
0.001321
0.001407
0.001498
0.001595
0.001699
0.001809
0.001927
0.002052
0.002185
0.002327
0.002477
0.002638
0.002809
0.002992
0.003186
0.003393
0.003613
0.003847
0.004097
0.004363
0.004646
0.004947
0.005268
0.005610
0.005974
0.006362
0.006775
0.007215
0.007683
0.008181
0.008712
0.009277
0.009879
0.010521
0.011203
0.011930
0.012704
0.013529
0.014407
0.015342
0.016337
0.017397
0.018526
0.019729
0.021009
0.022372
0.023824
0.025370
0.027016
0.028769
0.030636
0.032624
0.034741
0.036996
0.039321
0.041575
0.043688
0.045667
0.047515
0.049237
0.050838
0.052321
0.053691
0.054950
0.056103
0.057152
0.058100
0.058951
0.059706
0.060369
0.060941
0.061425
0.061823
0.062137
0.062368
0.062519
0.062592
0.062588
0.062508
0.062353
0.062127
0.061829
0.061461
0.061024
0.060520
0.059949
0.059313
0.058613
0.057850
0.057025
0.056138
0.055192
0.054186
0.053122
0.052000
0.050823
0.049589
0.048301
0.046959
0.045565
0.044118
0.042619
0.041071
0.039473
0.037826
0.036131
0.034388
0.032600
0.030766
0.028888
0.026965
0.025000
0.022992
0.020943
0.018854
0.016725
0.014557
0.012351
0.010108
0.007828
0.005513
0.003164
0.000781
-0.001636
-0.004084
-0.006563
-0.009073
-0.011612
-0.014180
-0.016775
-0.019397
-0.022045
-0.024718
-0.027415
-0.030135
-0.032878
-0.035642
-0.038427
-0.041231
-0.044054
-0.046895
-0.049752
-0.052626
-0.055515
-0.058418
-0.061335
-0.064264
-0.067205
-0.070156
-0.073117
-0.076087
-0.079065
-0.082050
-0.085042
-0.088039
-0.091040
-0.094045
-0.097053
-0.100062
-0.103073
-0.106084
-0.109095
-0.112104
-0.115110
-0.118114
-0.121114
-0.124109
-0.127099
-0.130082
-0.133059
-0.136028
-0.138988
-0.141938
-0.144879
-0.147809
-0.150728
-0.153634
-0.156527
-0.159407
-0.162273
-0.165123
-0.167958
-0.170777
-0.173579
-0.176363
-0.179130
-0.181877
-0.184606
-0.187314
-0.190003
-0.192670
-0.195316
-0.197940
-0.200541
-0.203120
-0.205675
-0.208206
-0.210712
-0.213194
-0.215651
-0.218083
-0.220488
-0.222867
-0.225219
-0.227544
-0.229842
-0.232112
-0.234354
-0.236567
-0.238752
-0.240909
-0.243036
-0.245134
-0.247202
-0.249241
-0.251249
-0.253228
-0.255176
-0.257094
-0.258981
-0.260838
-0.262664
-0.264459
-0.266223
-0.267956
-0.269659
-0.271330
-0.272969
-0.274578
-0.276156
-0.277703
-0.279218
-0.280702
-0.282156
-0.283578
-0.284970
-0.286331
-0.287661
-0.288961
-0.290230
-0.291469
-0.292677
-0.293856
-0.295005
-0.296124
-0.297213
-0.298273
-0.299304
-0.300306
-0.301279
-0.302224
-0.303140
-0.304029
-0.304889
-0.305722
-0.306528
-0.307306
-0.308058
-0.308783
-0.309482
-0.310155
-0.310802
-0.311424
-0.312021
-0.312593
-0.313140
-0.313664
-0.314163
-0.314639
-0.315092
-0.315522
-0.315929
-0.316315
-0.316678
-0.317019
-0.317340
-0.317639
-0.317918
-0.318176
-0.318415
-0.318633
-0.318833
-0.319014
-0.319176
-0.319319
-0.319445
-0.319553
-0.319643
-0.319717
-0.319773
-0.319814
-0.319838
-0.319846
-0.319839
-0.319817
-0.319779
-0.319727
-0.319661
-0.319580
-0.319486
-0.319378
-0.319257
-0.319123
-0.318976
-0.318816
-0.318644
-0.318460
-0.318264
-0.318056
-0.317837
-0.317607
-0.317365
-0.317113
-0.316850
-0.316577
-0.316293
-0.315999
-0.315695
-0.315381
-0.315057
-0.314724
-0.314381
-0.314029
-0.313667
-0.313297
-0.312917
-0.312528
-0.312131
-0.311724
-0.311309
-0.310884
-0.310451
-0.310010
-0.309559
-0.309100
-0.308633
-0.308156
-0.307671
-0.307177
-0.306675
-0.306164
-0.305644
-0.305115
-0.304577
-0.304031
-0.303475
-0.302910
-0.302336
-0.301753
-0.301161
-0.300559
-0.299947
-0.299326
-0.298695
-0.298054
-0.297402
-0.296741
-0.296069
-0.295387
-0.294694
-0.293990
-0.293276
-0.292550
-0.291812
-0.291063
-0.290303
-0.289530
-0.288746
-0.287949
-0.287140
-0.286317
-0.285483
-0.284634
-0.283773
-0.282898
-0.282010
-0.281107
-0.280190
-0.279259
-0.278313
-0.277353
-0.276377
-0.275387
-0.274380
-0.273358
-0.272320
-0.271266
-0.270196
-0.269109
-0.268006
-0.266885
-0.265747
-0.264592
-0.263419
-0.262229
-0.261020
-0.259793
-0.258548
-0.257285
-0.256002
-0.254701
-0.253380
-0.252041
-0.250681
-0.249303
-0.247904
-0.246486
-0.245047
-0.243589
-0.242110
-0.240611
-0.239091
-0.237550
-0.235989
-0.234407
-0.232804
-0.231180
-0.229535
-0.227869
-0.226181
-0.224473
-0.222743
-0.220991
-0.219218
-0.217424
-0.215609
-0.213772
-0.211914
-0.210035
-0.208134
-0.206212
-0.204269
-0.202304
-0.200319
-0.198312
-0.196285
-0.194237
-0.192168
-0.190079
-0.187969
-0.185839
-0.183689
-0.181518
-0.179328
-0.177119
-0.174890
-0.172641
-0.170374
-0.168088
-0.165784
-0.163461
-0.161120
-0.158761
-0.156385
-0.153991
-0.151581
-0.149154
-0.146711
-0.144252
-0.141777
-0.139286
-0.136781
-0.134262
-0.131728
-0.129180
-0.126619
-0.124045
-0.121458
-0.118859
-0.116248
-0.113626
-0.110993
-0.108349
-0.105696
-0.103033
-0.100361
-0.097680
-0.094991
-0.092295
-0.089592
-0.086882
-0.084165
-0.081444
-0.078717
-0.075986
-0.073251
-0.070513
-0.067771
-0.065028
-0.062282
-0.059536
-0.056788
-0.054041
-0.051294
-0.048549
-0.045804
-0.043063
-0.040324
-0.037588
-0.034856
-0.032129
-0.029408
-0.026691
-0.023982
-0.021279
-0.018583
-0.015896
-0.013218
-0.010549
-0.007889
-0.005240
-0.002603
0.000024
0.002637
0.005239
0.007826
0.010400
0.012959
0.015504
0.018032
0.020544
0.023040
0.025518
0.027978
0.030420
0.032843
0.035247
0.037630
0.039993
0.042335
0.044656
0.046954
0.049230
0.051483
0.053712
0.055918
0.058099
0.060255
0.062386
0.064491
0.066569
0.068622
0.070647
0.072645
0.074615
0.076557
0.078470
0.080354
0.082210
0.084035
0.085831
0.087596
0.089331
0.091035
0.092707
0.094349
0.095958
0.097536
0.099081
0.100595
0.102075
0.103522
0.104937
0.106318
0.107666
0.108980
0.110261
0.111508
0.112721
0.113899
0.115044
0.116154
0.117230
0.118271
0.119278
0.120251
0.121189
0.122092
0.122961
0.123795
0.124595
0.125360
0.126091
0.126787
0.127449
0.128077
0.128670
0.129230
0.129755
0.130247
0.130704
0.131129
0.131520
0.131877
0.132202
0.132493
0.132752
0.132979
0.133173
0.133335
0.133465
0.133564
0.133631
0.133667
0.133672
0.133647
0.133592
0.133507
0.133392
0.133247
0.133074
0.132872
0.132641
0.132383
0.132097
0.131783
0.131443
0.131076
0.130682
0.130263
0.129818
0.129348
0.128854
0.128335
0.127792
0.127226
0.126636
0.126024
0.125389
0.124733
0.124055
0.123356
0.122636
0.121896
0.121136
0.120357
0.119559
0.118742
0.117907
0.117055
0.116185
0.115299
0.114396
0.113477
0.112542
0.111593
0.110628
0.109650
0.108657
0.107651
0.106632
0.105600
0.104557
0.103501
0.102434
0.101355
0.100267
0.099167
0.098058
0.096940
0.095812
0.094676
0.093531
0.092378
0.091218
0.090050
0.088875
0.087694
0.086506
0.085313
0.084113
0.082909
0.081699
0.080485
0.079266
0.078042
0.076815
0.075585
0.074351
0.073114
0.071874
0.070631
0.069386
0.068139
0.066890
0.065639
0.064387
0.063133
0.061878
0.060623
0.059366
0.058109
0.056851
0.055593
0.054334
0.053076
0.051818
0.050559
0.049301
0.048044
0.046787
0.045530
0.044274
0.043018
0.041764
0.040510
0.039257
0.038004
0.036753
0.035502
0.034253
0.033004
0.031756
0.030509
0.029263
0.028018
0.026774
0.025530
0.024287
0.023045
0.021804
0.020563
0.019323
0.018083
0.016844
0.015605
0.014366
0.013128
0.011889
0.010651
0.009412
0.008174
0.006935
0.005695
0.004455
0.003215
0.001973
0.000731
-0.000512
-0.001756
-0.003002
-0.004248
-0.005497
-0.006746
-0.007998
-0.009251
-0.010506
-0.011763
-0.013022
-0.014284
-0.015548
-0.016814
-0.018083
-0.019354
-0.020628
-0.021906
-0.023186
-0.024469
-0.025755
-0.027044
-0.028337
-0.029632
-0.030931
-0.032234
-0.033540
-0.034849
-0.036162
-0.037478
-0.038797
-0.040120
-0.041446
-0.042776
-0.044109
-0.045445
-0.046784
-0.048126
-0.049471
-0.050818
-0.052169
-0.053521
-0.054876
-0.056233
-0.057591
-0.058951
-0.060313
-0.061675
-0.063037
-0.064400
-0.065762
-0.067124
-0.068485
-0.069843
-0.071200
-0.072554
-0.073905
-0.075251
-0.076593
-0.077929
-0.079258
-0.080581
-0.081895
-0.083201
-0.084496
-0.085780
-0.087051
-0.088309
-0.089551
-0.090778
-0.091986
-0.093175
-0.094342
-0.095487
-0.096606
-0.097699
-0.098762
-0.099794
-0.100793
-0.101755
-0.102677
-0.103558
-0.104394
-0.105182
-0.105918
-0.106598
-0.107219
-0.107777
-0.108268
-0.108685
-0.109026
-0.109284
-0.109455
-0.109531
-0.109508
-0.109377
-0.109133
-0.108768
-0.108274
-0.107642
-0.106864
-0.105930
-0.104830
-0.103554
-0.102089
-0.100425
-0.098547
-0.096443
-0.094098
-0.091497
-0.088622
-0.085458
-0.081984
-0.078182
-0.074031
-0.069676
-0.065430
-0.061443
-0.057699
-0.054183
-0.050881
-0.047780
-0.044869
-0.042135
-0.039567
-0.037156
-0.034892
-0.032766
-0.030769
-0.028894
-0.027133
-0.025480
-0.023927
-0.022469
-0.021100
-0.019815
-0.018607
-0.017473
-0.016409
-0.015409
-0.014470
-0.013588
-0.012760
-0.011983
-0.011253
-0.010567
-0.009923
-0.009319
-0.008751
-0.008218
-0.007717
-0.007247
-0.006806
-0.006391
-0.006002
-0.005637
-0.005293
-0.004971
-0.004668
-0.004384
-0.004117
-0.003867
-0.003632
-0.003411
-0.003203
-0.003009
-0.002826
-0.002654
-0.002493
-0.002342
-0.002199
-0.002066
-0.001941
-0.001823
-0.001713
-0.001610
-0.001512
-0.001421
-0.001336
-0.001255
-0.001180
-0.001109
-0.001043
-0.000981
-0.000923
-0.000868
-0.000817
-0.000769
-0.000724
-0.000682
-0.000642
-0.000606
-0.000571
-0.000539
-0.000509
-0.000481
-0.000455
-0.000430
-0.000408
-0.000387
-0.000367
-0.000349
-0.000333
-0.000317
-0.000303
-0.000290
-0.000279
-0.000268
-0.000258
-0.000250
-0.000242
-0.000236
-0.000230
-0.000225
-0.000221
-0.000218
