0.000241
0.000257
0.000274
0.000291
0.000310
0.000330
0.000352
0.000375
0.000399
0.000425
0.000453
0.000482
0.000513
0.000546
0.000582
0.000620
0.000660
0.000703
0.000748
0.000797
0.000849
0.000904
0.000962
0.001025
0.001091
0.001162
0.001237
0.001318
0.001403
0.001494
0.001591
0.001695
0.001804
0.001922
0.002046
0.002179
0.002320
0.002471
0.002631
0.002802
0.002984
0.003178
0.003384
0.003603
0.003837
0.004086
0.004351
0.004634
0.004935
0.005255
0.005596
0.005959
0.006345
0.006757
0.007196
0.007663
0.008160
0.008689
0.009253
0.009854
0.010493
0.011174
0.011899
0.012671
0.013494
0.014369
0.015302
0.016295
0.017352
0.018478
0.019677
0.020954
0.022314
0.023762
0.025304
0.026946
0.028694
0.030556
0.032539
0.034651
0.036899
0.039294
0.041844
0.044559
0.047451
0.050530
0.053809
0.057300
0.061019
0.064978
0.069195
0.073685
0.078467
0.083559
0.088981
0.094755
0.100904
0.107452
0.114424
0.121850
0.129443
0.136607
0.143052
0.148797
0.153864
0.158272
0.162040
0.165190
0.167739
0.169706
0.171112
0.171975
0.172312
0.172144
0.171489
0.170364
0.168789
0.166781
0.164358
0.161539
0.158342
0.154783
0.150882
0.146656
0.142123
0.137299
0.132203
0.126851
0.121262
0.115452
0.109437
0.103236
0.096864
0.090339
0.083676
0.076892
0.070003
0.063025
0.055973
0.048864
0.041712
0.034532
0.027339
0.020148
0.012973
0.005828
-0.001273
-0.008317
-0.015291
-0.022181
-0.028976
-0.035663
-0.042230
-0.048665
-0.054959
-0.061099
-0.067075
-0.072878
-0.078497
-0.083924
-0.089150
-0.094166
-0.098964
-0.103537
-0.107877
-0.111979
-0.115834
-0.119438
-0.122786
-0.125871
-0.128691
-0.131239
-0.133514
-0.135511
-0.137228
-0.138663
-0.139813
-0.140677
-0.141255
-0.141544
-0.141546
-0.141261
-0.140688
-0.139830
-0.138687
-0.137261
-0.135555
-0.133571
-0.131312
-0.128781
-0.125983
-0.122921
-0.119599
-0.116022
-0.112195
-0.108123
-0.103812
-0.099268
-0.094497
-0.089504
-0.084298
-0.078883
-0.073268
-0.067460
-0.061466
-0.055294
-0.048951
-0.042445
-0.035784
-0.028977
-0.022032
-0.014956
-0.007759
-0.000449
0.006966
0.014477
0.022075
0.029752
0.037500
0.045309
0.053171
0.061077
0.069020
0.076990
0.084980
0.092981
0.100984
0.108982
0.116966
0.124930
0.132865
0.140763
0.148617
0.156420
0.164165
0.171845
0.179453
0.186982
0.194427
0.201780
0.209036
0.216189
0.223234
0.230165
0.236977
0.243665
0.250225
0.256652
0.262942
0.269091
0.275094
0.280950
0.286653
0.292202
0.297594
0.302825
0.307894
0.312799
0.317537
0.322107
0.326508
0.330738
0.334797
0.338684
0.342397
0.345938
0.349306
0.352500
0.355522
0.358372
0.361051
0.363559
0.365897
0.368068
0.370072
0.371911
0.373586
0.375101
0.376456
0.377654
0.378698
0.379590
0.380332
0.380928
0.381380
0.381692
0.381866
0.381905
0.381814
0.381594
0.381251
0.380786
0.380205
0.379509
0.378704
0.377793
0.376779
0.375666
0.374458
0.373159
0.371773
0.370303
0.368753
0.367126
0.365428
0.363660
0.361827
0.359933
0.357980
0.355973
0.353915
0.351808
0.349656
0.347463
0.345231
0.342963
0.340662
0.338331
0.335971
0.333586
0.331177
0.328746
0.326296
0.323828
0.321344
0.318845
0.316331
0.313805
0.311267
0.308717
0.306155
0.303582
0.300998
0.298402
0.295794
0.293172
0.290536
0.287885
0.285216
0.282528
0.279819
0.277086
0.274326
0.271538
0.268717
0.265860
0.262963
0.260022
0.257033
0.253992
0.250893
0.247731
0.244500
0.241196
0.237812
0.234341
0.230777
0.227114
0.223344
0.219460
0.215454
0.211319
0.207045
0.202626
0.198052
0.193315
0.188405
0.183314
0.178031
0.172548
0.166854
0.160940
0.154795
0.148409
0.141772
0.134873
0.127701
0.120246
0.112497
0.104442
0.096071
0.087373
0.078337
0.068952
0.059205
0.049088
0.038587
0.027693
0.016394
0.004680
-0.007460
-0.020037
-0.033062
-0.046545
-0.060495
-0.074924
-0.089841
-0.105255
-0.121176
-0.137613
-0.154575
-0.172070
-0.190107
-0.208694
-0.227839
-0.247547
-0.267828
-0.288686
-0.310128
-0.332160
-0.354788
-0.378014
-0.401845
-0.426284
-0.451335
-0.476999
-0.503281
-0.530180
-0.557699
-0.585839
-0.614599
-0.643980
-0.673979
-0.704596
-0.735828
-0.767673
-0.800128
-0.833187
-0.866847
-0.901102
-0.935946
-0.971373
-1.007376
-1.043947
-1.081076
-1.118756
-1.156976
-1.195726
-1.234995
-1.274771
-1.315041
-1.355794
-1.397014
-1.438689
-1.480802
-1.523339
-1.566283
-1.609618
-1.653326
-1.697390
-1.741790
-1.786509
-1.831526
-1.876822
-1.922375
-1.968164
-2.014168
-2.060365
-2.106732
-2.153245
-2.199882
-2.246618
-2.293429
-2.340289
-2.387175
-2.434059
-2.480917
-2.527721
-2.574446
-2.621064
-2.667549
-2.713872
-2.760007
-2.805924
-2.851597
-2.896997
-2.942096
-2.986864
-3.031274
-3.075297
-3.118903
-3.162063
-3.204750
-3.246934
-3.288585
-3.329676
-3.370176
-3.410058
-3.449293
-3.487852
-3.525707
-3.562830
-3.599191
-3.634765
-3.669522
-3.703436
-3.736479
-3.768624
-3.799846
-3.830118
-3.859413
-3.887708
-3.914975
-3.941192
-3.966333
-3.990375
-4.013295
-4.035070
-4.055677
-4.075095
-4.093304
-4.110281
-4.126007
-4.140464
-4.153632
-4.165492
-4.176028
-4.185224
-4.193062
-4.199527
-4.204606
-4.208284
-4.210547
-4.211385
-4.210785
-4.208737
-4.205230
-4.200256
-4.193806
-4.185874
-4.176453
-4.165537
-4.153121
-4.139203
-4.123778
-4.106845
-4.088404
-4.068454
-4.046995
-4.024030
-3.999562
-3.973594
-3.946132
-3.917180
-3.886745
-3.854836
-3.821461
-3.786629
-3.750351
-3.712638
-3.673504
-3.632961
-3.591025
-3.547710
-3.503034
-3.457013
-3.409666
-3.361011
-3.311071
-3.259864
-3.207414
-3.153744
-3.098877
-3.042838
-2.985653
-2.927348
-2.867950
-2.807488
-2.745991
-2.683487
-2.620009
-2.555586
-2.490251
-2.424037
-2.356977
-2.289104
-2.220454
-2.151063
-2.080965
-2.010197
-1.938797
-1.866801
-1.794249
-1.721177
-1.647626
-1.573635
-1.499243
-1.424490
-1.349417
-1.274064
-1.198473
-1.122684
-1.046739
-0.970679
-0.894546
-0.818382
-0.742228
-0.666127
-0.590119
-0.514248
-0.438554
-0.363079
-0.287865
-0.212953
-0.138385
-0.064200
0.009560
0.082854
0.155644
0.227888
0.299549
0.370587
0.440963
0.510640
0.579581
0.647748
0.715106
0.781618
0.847249
0.911966
0.975734
1.038521
1.100294
1.161021
1.220673
1.279218
1.336628
1.392875
1.447932
1.501771
1.554367
1.605696
1.655734
1.704459
1.751848
1.797880
1.842537
1.885799
1.927649
1.968070
2.007046
2.044563
2.080608
2.115168
2.148232
2.179790
2.209832
2.238352
2.265341
2.290795
2.314708
2.337077
2.357900
2.377176
2.394903
2.411084
2.425720
2.438815
2.450372
2.460396
2.468895
2.475875
2.481345
2.485315
2.487795
2.488797
2.488333
2.486416
2.483063
2.478287
2.472105
2.464536
2.455597
2.445307
2.433688
2.420759
2.406542
2.391061
2.374339
2.356400
2.337270
2.316974
2.295538
2.272990
2.249359
2.224672
2.198959
2.172250
2.144575
2.115965
2.086452
2.056067
2.024844
1.992816
1.960016
1.926477
1.892234
1.857322
1.821775
1.785628
1.748918
1.711680
1.673950
1.635763
1.597157
1.558167
1.518830
1.479183
1.439262
1.399104
1.358745
1.318222
1.277571
1.236830
1.196033
1.155217
1.114418
1.073672
1.033014
0.992479
0.952102
0.911917
0.871959
0.832261
0.792857
0.753779
0.715061
0.676732
0.638827
0.601374
0.564404
0.527947
0.492033
0.456688
0.421942
0.387821
0.354351
0.321559
0.289468
0.258103
0.227487
0.197642
0.168591
0.140353
0.112949
0.086397
0.060716
0.035923
0.012033
-0.010937
-0.032974
-0.054064
-0.074196
-0.093357
-0.111538
-0.128728
-0.144921
-0.160108
-0.174283
-0.187442
-0.199580
-0.210694
-0.220781
-0.229842
-0.237876
-0.244883
-0.250867
-0.255830
-0.259776
-0.262711
-0.264641
-0.265573
-0.265515
-0.264477
-0.262468
-0.259500
-0.255586
-0.250737
-0.244969
-0.238295
-0.230733
-0.222297
-0.213007
-0.202881
-0.191936
-0.180195
-0.167677
-0.154403
-0.140397
-0.125682
-0.110280
-0.094216
-0.077515
-0.060203
-0.042306
-0.023850
-0.004863
0.014628
0.034594
0.055006
0.075837
0.097056
0.118633
0.140540
0.162744
0.185216
0.207925
0.230840
0.253929
0.277162
0.300508
0.323933
0.347409
0.370902
0.394381
0.417816
0.441174
0.464425
0.487538
0.510483
0.533228
0.555743
0.577999
0.599966
0.621614
0.642915
0.663841
0.684363
0.704453
0.724085
0.743232
0.761869
0.779969
0.797508
0.814462
0.830807
0.846521
0.861582
0.875968
0.889658
0.902634
0.914875
0.926365
0.937085
0.947020
0.956153
0.964471
0.971960
0.978608
0.984402
0.989333
0.993391
0.996567
0.998854
1.000247
1.000740
1.000329
0.999012
0.996787
0.993654
0.989615
0.984671
0.978826
0.972086
0.964456
0.955946
0.946564
0.936320
0.925228
0.913301
0.900555
0.887007
0.872675
0.857580
0.841745
0.825193
0.807951
0.790047
0.771510
0.752373
0.732670
0.712436
0.691712
0.670537
0.648956
0.627015
0.604762
0.582249
0.559530
0.536663
0.513710
0.490733
0.467800
0.444982
0.422355
0.399998
0.377993
0.356428
0.335395
0.315121
0.295918
0.277886
0.260952
0.245051
0.230118
0.216095
0.202927
0.190561
0.178949
0.168045
0.157805
0.148189
0.139159
0.130679
0.122716
0.115238
0.108216
0.101622
0.095430
0.089615
0.084154
0.079026
0.074211
0.069689
0.065443
0.061455
0.057711
0.054195
0.050893
0.047792
0.044880
0.042146
0.039579
0.037167
0.034903
0.032777
0.030781
0.028906
0.027146
0.025493
0.023940
0.022483
0.021114
0.019829
0.018622
0.017489
0.016425
0.015426
0.014488
0.013607
0.012780
0.012003
0.011274
0.010590
0.009947
0.009344
0.008778
0.008246
0.007748
0.007279
0.006840
0.006427
0.006040
0.005677
0.005336
0.005017
0.004717
0.004436
0.004172
0.003925
0.003694
0.003477
0.003274
0.003084
0.002905
0.002739
0.002583
0.002438
0.002302
0.002175
0.002057
0.001947
0.001845
0.001750
0.001661
0.001580
0.001505
0.001435
0.001372
0.001313
0.001260
0.001212
0.001169
0.001130
0.001096
0.001066
0.001040
0.001019
0.001001
0.000988
