0.000761
0.000810
0.000863
0.000919
0.000978
0.001042
0.001110
0.001182
0.001258
0.001340
0.001427
0.001519
0.001618
0.001723
0.001835
0.001954
0.002081
0.002216
0.002359
0.002513
0.002676
0.002849
0.003034
0.003231
0.003441
0.003664
0.003902
0.004155
0.004425
0.004712
0.005017
0.005343
0.005690
0.006059
0.006452
0.006871
0.007317
0.007792
0.008297
0.008836
0.009409
0.010019
0.010670
0.011362
0.012099
0.012884
0.013721
0.014611
0.015559
0.016569
0.017644
0.018789
0.020008
0.021306
0.022689
0.024161
0.025729
0.027399
0.029177
0.031070
0.033086
0.035233
0.037520
0.039954
0.042547
0.045308
0.048248
0.051379
0.054713
0.058264
0.062045
0.066071
0.070358
0.074924
0.079786
0.084963
0.090477
0.096348
0.102600
0.109258
0.116348
0.123898
0.131938
0.140500
0.149617
0.159326
0.169665
0.180674
0.192399
0.204884
0.218179
0.232337
0.247414
0.263469
0.280566
0.298773
0.318161
0.338807
0.360792
0.384205
0.408348
0.431736
0.453670
0.474231
0.493494
0.511533
0.528414
0.544202
0.558954
0.572728
0.585575
0.597545
0.608684
0.619036
0.628641
0.637538
0.645762
0.653347
0.660324
0.666724
0.672573
0.677899
0.682725
0.687074
0.690967
0.694426
0.697468
0.700112
0.702374
0.704269
0.705813
0.707018
0.707898
0.708465
0.708730
0.708704
0.708397
0.707817
0.706975
0.705877
0.704533
0.702950
0.701134
0.699092
0.696830
0.694355
0.691671
0.688785
0.685702
0.682426
0.678962
0.675315
0.671488
0.667487
0.663315
0.658976
0.654475
0.649814
0.644998
0.640029
0.634913
0.629651
0.624248
0.618707
0.613032
0.607225
0.601291
0.595232
0.589052
0.582754
0.576342
0.569819
0.563188
0.556453
0.549618
0.542685
0.535658
0.528540
0.521336
0.514048
0.506680
0.499236
0.491719
0.484133
0.476481
0.468766
0.460994
0.453166
0.445288
0.437361
0.429391
0.421380
0.413332
0.405252
0.397141
0.389005
0.380846
0.372669
0.364476
0.356271
0.348058
0.339841
0.331621
0.323404
0.315192
0.306989
0.298797
0.290621
0.282463
0.274326
0.266214
0.258129
0.250074
0.242053
0.234068
0.226121
0.218216
0.210356
0.202542
0.194777
0.187063
0.179404
0.171800
0.164255
0.156770
0.149347
0.141989
0.134697
0.127473
0.120318
0.113235
0.106224
0.099287
0.092426
0.085641
0.078934
0.072306
0.065758
0.059290
0.052905
0.046601
0.040380
0.034243
0.028190
0.022221
0.016337
0.010538
0.004823
-0.000806
-0.006351
-0.011811
-0.017186
-0.022477
-0.027685
-0.032809
-0.037850
-0.042810
-0.047688
-0.052486
-0.057204
-0.061844
-0.066407
-0.070893
-0.075304
-0.079642
-0.083908
-0.088103
-0.092229
-0.096288
-0.100281
-0.104211
-0.108078
-0.111887
-0.115637
-0.119332
-0.122974
-0.126565
-0.130108
-0.133605
-0.137059
-0.140472
-0.143847
-0.147186
-0.150494
-0.153772
-0.157024
-0.160253
-0.163461
-0.166653
-0.169831
-0.172998
-0.176159
-0.179315
-0.182472
-0.185632
-0.188799
-0.191976
-0.195168
-0.198377
-0.201607
-0.204863
-0.208147
-0.211464
-0.214816
-0.218209
-0.221645
-0.225128
-0.228663
-0.232251
-0.235898
-0.239607
-0.243380
-0.247223
-0.251137
-0.255128
-0.259197
-0.263348
-0.267584
-0.271908
-0.276324
-0.280833
-0.285439
-0.290145
-0.294952
-0.299864
-0.304882
-0.310008
-0.315245
-0.320594
-0.326057
-0.331634
-0.337328
-0.343140
-0.349070
-0.355118
-0.361286
-0.367573
-0.373981
-0.380507
-0.387153
-0.393917
-0.400798
-0.407797
-0.414910
-0.422137
-0.429477
-0.436926
-0.444483
-0.452145
-0.459910
-0.467774
-0.475735
-0.483790
-0.491933
-0.500163
-0.508474
-0.516863
-0.525325
-0.533856
-0.542450
-0.551103
-0.559809
-0.568564
-0.577361
-0.586196
-0.595062
-0.603953
-0.612864
-0.621788
-0.630720
-0.639652
-0.648580
-0.657495
-0.666393
-0.675266
-0.684109
-0.692915
-0.701677
-0.710390
-0.719047
-0.727642
-0.736169
-0.744622
-0.752996
-0.761285
-0.769484
-0.777586
-0.785589
-0.793486
-0.801273
-0.808946
-0.816500
-0.823933
-0.831241
-0.838421
-0.845470
-0.852386
-0.859167
-0.865811
-0.872317
-0.878685
-0.884914
-0.891004
-0.896956
-0.902770
-0.908449
-0.913995
-0.919409
-0.924695
-0.929855
-0.934895
-0.939818
-0.944630
-0.949334
-0.953939
-0.958449
-0.962872
-0.967216
-0.971487
-0.975694
-0.979846
-0.983952
-0.988022
-0.992066
-0.996093
-1.000116
-1.004146
-1.008193
-1.012269
-1.016388
-1.020562
-1.024803
-1.029124
-1.033539
-1.038061
-1.042704
-1.047482
-1.052409
-1.057498
-1.062763
-1.068220
-1.073881
-1.079761
-1.085874
-1.092233
-1.098853
-1.105746
-1.112927
-1.120408
-1.128201
-1.136320
-1.144776
-1.153580
-1.162745
-1.172281
-1.182198
-1.192506
-1.203215
-1.214331
-1.225864
-1.237821
-1.250208
-1.263031
-1.276295
-1.290004
-1.304162
-1.318772
-1.333834
-1.349350
-1.365320
-1.381743
-1.398616
-1.415937
-1.433702
-1.451906
-1.470542
-1.489605
-1.509086
-1.528975
-1.549264
-1.569940
-1.590992
-1.612406
-1.634168
-1.656264
-1.678676
-1.701387
-1.724380
-1.747634
-1.771130
-1.794846
-1.818760
-1.842850
-1.867092
-1.891460
-1.915929
-1.940473
-1.965065
-1.989677
-2.014280
-2.038846
-2.063344
-2.087745
-2.112017
-2.136130
-2.160051
-2.183749
-2.207192
-2.230345
-2.253178
-2.275656
-2.297746
-2.319416
-2.340632
-2.361361
-2.381569
-2.401224
-2.420293
-2.438744
-2.456544
-2.473662
-2.490066
-2.505726
-2.520612
-2.534693
-2.547940
-2.560326
-2.571823
-2.582404
-2.592043
-2.600716
-2.608398
-2.615066
-2.620699
-2.625275
-2.628775
-2.631180
-2.632474
-2.632639
-2.631662
-2.629528
-2.626226
-2.621744
-2.616073
-2.609206
-2.601136
-2.591857
-2.581366
-2.569661
-2.556740
-2.542606
-2.527260
-2.510706
-2.492948
-2.473995
-2.453854
-2.432535
-2.410049
-2.386408
-2.361628
-2.335723
-2.308710
-2.280607
-2.251435
-2.221213
-2.189965
-2.157713
-2.124483
-2.090300
-2.055190
-2.019183
-1.982308
-1.944593
-1.906072
-1.866775
-1.826735
-1.785987
-1.744564
-1.702502
-1.659837
-1.616605
-1.572843
-1.528589
-1.483880
-1.438755
-1.393253
-1.347412
-1.301271
-1.254869
-1.208246
-1.161442
-1.114494
-1.067444
-1.020328
-0.973188
-0.926060
-0.878983
-0.831996
-0.785135
-0.738437
-0.691940
-0.645678
-0.599688
-0.554004
-0.508659
-0.463688
-0.419121
-0.374992
-0.331329
-0.288165
-0.245526
-0.203441
-0.161937
-0.121039
-0.080773
-0.041162
-0.002228
0.036007
0.073522
0.110298
0.146318
0.181565
0.216023
0.249677
0.282514
0.314522
0.345691
0.376010
0.405471
0.434066
0.461791
0.488638
0.514606
0.539691
0.563891
0.587206
0.609637
0.631185
0.651853
0.671645
0.690565
0.708620
0.725816
0.742160
0.757661
0.772329
0.786173
0.799204
0.811434
0.822876
0.833543
0.843448
0.852605
0.861030
0.868739
0.875746
0.882070
0.887726
0.892731
0.897105
0.900864
0.904027
0.906613
0.908640
0.910128
0.911095
0.911561
0.911545
0.911067
0.910146
0.908801
0.907052
0.904919
0.902420
0.899574
0.896401
0.892920
0.889148
0.885105
0.880808
0.876276
0.871525
0.866574
0.861439
0.856137
0.850683
0.845095
0.839387
0.833575
0.827673
0.821696
0.815657
0.809571
0.803449
0.797304
0.791150
0.784996
0.778855
0.772737
0.766653
0.760611
0.754623
0.748695
0.742838
0.737059
0.731365
0.725764
0.720261
0.714865
0.709579
0.704410
0.699363
0.694442
0.689651
0.684994
0.680475
0.676097
0.671861
0.667771
0.663829
0.660036
0.656393
0.652902
0.649564
0.646379
0.643346
0.640467
0.637741
0.635166
0.632744
0.630472
0.628349
0.626374
0.624546
0.622863
0.621323
0.619924
0.618663
0.617539
0.616549
0.615691
0.614961
0.614358
0.613879
0.613520
0.613279
0.613153
0.613139
0.613233
0.613433
0.613736
0.614138
0.614636
0.615227
0.615908
0.616675
0.617527
0.618458
0.619467
0.620550
0.621705
0.622927
0.624214
0.625563
0.626972
0.628437
0.629955
0.631524
0.633140
0.634802
0.636506
0.638251
0.640033
0.641850
0.643699
0.645579
0.647487
0.649421
0.651379
0.653358
0.655357
0.657374
0.659406
0.661453
0.663512
0.665582
0.667661
0.669747
0.671840
0.673937
0.676037
0.678139
0.680242
0.682344
0.684444
0.686542
0.688636
0.690725
0.692807
0.694884
0.696952
0.699012
0.701062
0.703102
0.705131
0.707148
0.709152
0.711143
0.713120
0.715082
0.717028
0.718958
0.720871
0.722765
0.724641
0.726497
0.728332
0.730146
0.731937
0.733705
0.735448
0.737165
0.738855
0.740517
0.742150
0.743751
0.745320
0.746855
0.748353
0.749814
0.751235
0.752613
0.753948
0.755236
0.756475
0.757661
0.758794
0.759868
0.760881
0.761831
0.762712
0.763521
0.764255
0.764909
0.765478
0.765959
0.766345
0.766633
0.766816
0.766889
0.766845
0.766679
0.766385
0.765954
0.765380
0.764656
0.763774
0.762724
0.761500
0.760091
0.758489
0.756683
0.754663
0.752419
0.749940
0.747213
0.744227
0.740968
0.737425
0.733581
0.729424
0.724938
0.720107
0.714914
0.709342
0.703373
0.696988
0.690166
0.682888
0.675130
0.666870
0.658084
0.648746
0.638830
0.628307
0.617149
0.605323
0.592798
0.579538
0.565508
0.550669
0.534980
0.518398
0.500879
0.482374
0.462833
0.442202
0.420425
0.397440
0.373889
0.351105
0.329710
0.309618
0.290751
0.273033
0.256396
0.240772
0.226100
0.212322
0.199384
0.187234
0.175825
0.165111
0.155049
0.145601
0.136729
0.128397
0.120574
0.113226
0.106327
0.099848
0.093764
0.088051
0.082686
0.077648
0.072916
0.068474
0.064302
0.060384
0.056705
0.053250
0.050006
0.046960
0.044099
0.041413
0.038890
0.036521
0.034297
0.032208
0.030247
0.028405
0.026676
0.025052
0.023527
0.022095
0.020750
0.019488
0.018302
0.017189
0.016144
0.015163
0.014242
0.013377
0.012565
0.011803
0.011087
0.010415
0.009784
0.009192
0.008637
0.008115
0.007626
0.007167
0.006736
0.006332
0.005953
0.005597
0.005263
0.004951
0.004657
0.004383
0.004125
0.003884
0.003659
0.003447
0.003250
0.003065
0.002892
0.002731
0.002581
0.002441
0.002310
0.002189
0.002076
0.001971
0.001874
0.001785
0.001703
0.001627
0.001558
0.001495
0.001438
0.001387
0.001341
0.001300
0.001265
0.001235
0.001209
0.001188
0.001172
