0.000470
0.000501
0.000533
0.000568
0.000605
0.000644
0.000686
0.000731
0.000778
0.000828
0.000882
0.000939
0.001000
0.001065
0.001134
0.001208
0.001286
0.001370
0.001459
0.001554
0.001654
0.001762
0.001876
0.001998
0.002127
0.002265
0.002412
0.002569
0.002736
0.002913
0.003102
0.003304
0.003518
0.003746
0.003989
0.004248
0.004524
0.004817
0.005130
0.005463
0.005818
0.006195
0.006597
0.007025
0.007481
0.007966
0.008483
0.009034
0.009620
0.010244
0.010909
0.011617
0.012371
0.013174
0.014029
0.014939
0.015908
0.016941
0.018040
0.019211
0.020457
0.021785
0.023198
0.024704
0.026307
0.028014
0.029832
0.031768
0.033829
0.036024
0.038362
0.040851
0.043502
0.046325
0.049331
0.052533
0.055942
0.059572
0.063437
0.067554
0.071938
0.076606
0.081577
0.086871
0.092508
0.098511
0.104903
0.111711
0.118960
0.126679
0.134900
0.143654
0.152976
0.162903
0.173474
0.184731
0.196718
0.209484
0.223078
0.237553
0.252719
0.268118
0.283508
0.298883
0.314234
0.329553
0.344835
0.360073
0.375261
0.390392
0.405463
0.420466
0.435398
0.450253
0.465027
0.479715
0.494313
0.508816
0.523221
0.537522
0.551716
0.565798
0.579765
0.593612
0.607336
0.620932
0.634396
0.647725
0.660913
0.673958
0.686855
0.699600
0.712189
0.724618
0.736883
0.748980
0.760904
0.772653
0.784222
0.795607
0.806805
0.817811
0.828622
0.839234
0.849643
0.859847
0.869842
0.879623
0.889189
0.898536
0.907662
0.916562
0.925235
0.933679
0.941890
0.949866
0.957606
0.965107
0.972369
0.979388
0.986165
0.992698
0.998985
1.005027
1.010823
1.016372
1.021674
1.026730
1.031540
1.036104
1.040423
1.044498
1.048331
1.051922
1.055274
1.058388
1.061266
1.063910
1.066323
1.068508
1.070467
1.072203
1.073719
1.075020
1.076107
1.076986
1.077659
1.078131
1.078406
1.078488
1.078382
1.078091
1.077620
1.076975
1.076160
1.075179
1.074037
1.072740
1.071293
1.069700
1.067966
1.066098
1.064098
1.061974
1.059730
1.057371
1.054902
1.052328
1.049654
1.046885
1.044026
1.041082
1.038058
1.034958
1.031787
1.028549
1.025249
1.021891
1.018480
1.015019
1.011513
1.007964
1.004378
1.000758
0.997106
0.993427
0.989724
0.985999
0.982256
0.978498
0.974726
0.970943
0.967152
0.963355
0.959554
0.955750
0.951946
0.948142
0.944340
0.940542
0.936748
0.932960
0.929177
0.925402
0.921633
0.917872
0.914118
0.910372
0.906633
0.902902
0.899178
0.895459
0.891747
0.888039
0.884335
0.880634
0.876935
0.873236
0.869537
0.865835
0.862129
0.858417
0.854698
0.850969
0.847229
0.843475
0.839706
0.835919
0.832111
0.828281
0.824425
0.820542
0.816628
0.812681
0.808698
0.804676
0.800613
0.796505
0.792350
0.788144
0.783884
0.779568
0.775192
0.770753
0.766248
0.761674
0.757027
0.752304
0.747502
0.742619
0.737649
0.732591
0.727442
0.722197
0.716854
0.711410
0.705862
0.700206
0.694440
0.688561
0.682565
0.676451
0.670215
0.663855
0.657369
0.650753
0.644005
0.637124
0.630107
0.622952
0.615657
0.608222
0.600643
0.592920
0.585051
0.577037
0.568874
0.560564
0.552105
0.543498
0.534742
0.525837
0.516785
0.507585
0.498238
0.488746
0.479110
0.469331
0.459412
0.449355
0.439162
0.428837
0.418381
0.407799
0.397094
0.386270
0.375331
0.364282
0.353128
0.341873
0.330524
0.319085
0.307563
0.295964
0.284296
0.272563
0.260775
0.248938
0.237059
0.225148
0.213211
0.201258
0.189296
0.177336
0.165385
0.153454
0.141551
0.129686
0.117869
0.106110
0.094418
0.082804
0.071277
0.059849
0.048528
0.037326
0.026252
0.015316
0.004530
-0.006099
-0.016558
-0.026840
-0.036934
-0.046830
-0.056521
-0.065996
-0.075247
-0.084266
-0.093045
-0.101575
-0.109851
-0.117864
-0.125608
-0.133077
-0.140266
-0.147169
-0.153782
-0.160102
-0.166123
-0.171845
-0.177264
-0.182380
-0.187191
-0.191696
-0.195898
-0.199796
-0.203394
-0.206693
-0.209697
-0.212410
-0.214839
-0.216988
-0.218864
-0.220475
-0.221829
-0.222936
-0.223805
-0.224447
-0.224874
-0.225098
-0.225133
-0.224993
-0.224692
-0.224247
-0.223673
-0.222988
-0.222210
-0.221357
-0.220449
-0.219506
-0.218547
-0.217595
-0.216671
-0.215798
-0.214997
-0.214294
-0.213710
-0.213271
-0.213001
-0.212924
-0.213067
-0.213452
-0.214108
-0.215058
-0.216329
-0.217945
-0.219934
-0.222319
-0.225127
-0.228383
-0.232111
-0.236337
-0.241084
-0.246376
-0.252236
-0.258688
-0.265753
-0.273453
-0.281809
-0.290840
-0.300567
-0.311006
-0.322176
-0.334093
-0.346771
-0.360227
-0.374471
-0.389517
-0.405375
-0.422054
-0.439562
-0.457906
-0.477091
-0.497121
-0.517997
-0.539721
-0.562292
-0.585707
-0.609962
-0.635052
-0.660969
-0.687704
-0.715246
-0.743584
-0.772702
-0.802585
-0.833216
-0.864576
-0.896642
-0.929393
-0.962805
-0.996851
-1.031503
-1.066733
-1.102509
-1.138799
-1.175569
-1.212784
-1.250405
-1.288396
-1.326716
-1.365324
-1.404177
-1.443232
-1.482443
-1.521766
-1.561152
-1.600555
-1.639924
-1.679210
-1.718363
-1.757330
-1.796061
-1.834503
-1.872602
-1.910306
-1.947561
-1.984313
-2.020508
-2.056091
-2.091010
-2.125209
-2.158636
-2.191236
-2.222958
-2.253748
-2.283555
-2.312327
-2.340014
-2.366566
-2.391934
-2.416072
-2.438931
-2.460467
-2.480636
-2.499395
-2.516701
-2.532516
-2.546802
-2.559520
-2.570637
-2.580120
-2.587936
-2.594057
-2.598454
-2.601104
-2.601981
-2.601066
-2.598339
-2.593783
-2.587383
-2.579128
-2.569007
-2.557012
-2.543139
-2.527385
-2.509748
-2.490231
-2.468838
-2.445577
-2.420455
-2.393486
-2.364682
-2.334060
-2.301640
-2.267442
-2.231489
-2.193808
-2.154427
-2.113375
-2.070686
-2.026393
-1.980535
-1.933149
-1.884276
-1.833959
-1.782243
-1.729174
-1.674800
-1.619171
-1.562339
-1.504356
-1.445277
-1.385158
-1.324055
-1.262027
-1.199134
-1.135435
-1.070992
-1.005868
-0.940125
-0.873827
-0.807038
-0.739822
-0.672246
-0.604374
-0.536271
-0.468004
-0.399638
-0.331239
-0.262871
-0.194601
-0.126492
-0.058610
0.008983
0.076222
0.143047
0.209394
0.275204
0.340416
0.404973
0.468816
0.531890
0.594138
0.655509
0.715948
0.775406
0.833833
0.891181
0.947406
1.002461
1.056305
1.108897
1.160198
1.210171
1.258781
1.305994
1.351781
1.396111
1.438957
1.480295
1.520101
1.558354
1.595036
1.630130
1.663621
1.695496
1.725746
1.754362
1.781337
1.806667
1.830350
1.852386
1.872776
1.891524
1.908636
1.924120
1.937985
1.950241
1.960903
1.969985
1.977503
1.983476
1.987923
1.990866
1.992327
1.992332
1.990905
1.988073
1.983865
1.978311
1.971440
1.963286
1.953880
1.943257
1.931451
1.918498
1.904435
1.889297
1.873124
1.855954
1.837825
1.818777
1.798849
1.778082
1.756516
1.734193
1.711151
1.687433
1.663080
1.638132
1.612630
1.586615
1.560128
1.533208
1.505896
1.478232
1.450254
1.422002
1.393515
1.364829
1.335982
1.307012
1.277953
1.248843
1.219714
1.190602
1.161539
1.132557
1.103690
1.074966
1.046416
1.018069
0.989954
0.962096
0.934522
0.907258
0.880328
0.853755
0.827561
0.801767
0.776394
0.751461
0.726987
0.702988
0.679481
0.656481
0.634003
0.612059
0.590662
0.569824
0.549554
0.529863
0.510758
0.492248
0.474339
0.457036
0.440345
0.424270
0.408814
0.393979
0.379767
0.366180
0.353215
0.340875
0.329156
0.318057
0.307574
0.297706
0.288447
0.279794
0.271740
0.264281
0.257410
0.251120
0.245404
0.240254
0.235663
0.231622
0.228122
0.225153
0.222707
0.220773
0.219341
0.218401
0.217941
0.217952
0.218423
0.219341
0.220695
0.222474
0.224666
0.227260
0.230243
0.233603
0.237329
0.241409
0.245830
0.250580
0.255648
0.261021
0.266687
0.272635
0.278852
0.285327
0.292048
0.299004
0.306183
0.313574
0.321165
0.328945
0.336904
0.345031
0.353315
0.361745
0.370311
0.379003
0.387812
0.396726
0.405738
0.414836
0.424012
0.433258
0.442563
0.451919
0.461319
0.470753
0.480213
0.489691
0.499180
0.508673
0.518161
0.527637
0.537095
0.546527
0.555927
0.565288
0.574604
0.583869
0.593076
0.602219
0.611293
0.620292
0.629210
0.638042
0.646782
0.655426
0.663967
0.672402
0.680724
0.688930
0.697013
0.704970
0.712795
0.720485
0.728033
0.735436
0.742689
0.749787
0.756726
0.763501
0.770108
0.776541
0.782797
0.788871
0.794757
0.800452
0.805951
0.811248
0.816338
0.821218
0.825882
0.830324
0.834541
0.838526
0.842274
0.845780
0.849039
0.852044
0.854792
0.857275
0.859488
0.861425
0.863080
0.864448
0.865522
0.866296
0.866764
0.866920
0.866756
0.866268
0.865448
0.864290
0.862788
0.860934
0.858723
0.856148
0.853202
0.849879
0.846172
0.842075
0.837582
0.832685
0.827380
0.821659
0.815518
0.808949
0.801947
0.794508
0.786625
0.778293
0.769508
0.760265
0.750560
0.740388
0.729747
0.718632
0.707041
0.694972
0.682423
0.669391
0.655877
0.641879
0.627397
0.612433
0.596988
0.581063
0.564662
0.547787
0.530444
0.512637
0.494372
0.475655
0.456496
0.436902
0.416883
0.396451
0.375616
0.354393
0.333215
0.312909
0.293842
0.275936
0.259121
0.243331
0.228503
0.214579
0.201503
0.189224
0.177693
0.166865
0.156697
0.147149
0.138182
0.129762
0.121855
0.114430
0.107457
0.100909
0.094760
0.088986
0.083564
0.078472
0.073691
0.069201
0.064984
0.061025
0.057306
0.053815
0.050536
0.047457
0.044566
0.041851
0.039302
0.036907
0.034659
0.032548
0.030566
0.028704
0.026956
0.025315
0.023774
0.022326
0.020967
0.019691
0.018493
0.017368
0.016311
0.015319
0.014388
0.013514
0.012693
0.011922
0.011198
0.010519
0.009881
0.009282
0.008720
0.008192
0.007697
0.007233
0.006796
0.006387
0.006003
0.005643
0.005305
0.004988
0.004691
0.004412
0.004151
0.003906
0.003677
0.003462
0.003261
0.003072
0.002896
0.002732
0.002578
0.002434
0.002300
0.002175
0.002059
0.001950
0.001850
0.001757
0.001671
0.001591
0.001518
0.001450
0.001389
0.001333
0.001282
0.001236
0.001195
0.001159
0.001127
0.001100
0.001077
0.001059
0.001045
