12.291910
4.669981
-19.030846
21.854279
-8.706245
-9.863068
-20.099626
-1.547891
-1.450184
-4.556410
-11.854068
-23.445188
42.533059
21.190247
-5.068574
-1.621972
5.067297
-0.171366
-8.052864
13.187563
-16.071804
27.634091
-24.894897
-4.565132
12.320060
1.664838
-21.221511
13.015318
2.304842
-11.502273
5.699951
10.676126
30.841930
-1.324108
-4.153872
-7.127310
-27.207146
7.361332
-29.006068
-3.809814
-3.883156
11.932532
-39.126091
12.962227
-7.331311
-18.255936
-0.123090
3.294688
-5.989185
-20.747029
17.033353
2.786259
-9.980319
17.173793
5.184050
-17.895952
8.768557
-25.349881
-14.935552
2.139644
5.806605
0.995353
-27.292249
11.559471
17.814648
16.481621
-8.052444
-5.561409
-14.365070
3.532637
3.559730
-10.892449
12.982989
12.031545
9.277912
-10.638103
-18.898201
9.208714
20.433137
-18.215186
-31.177248
20.276296
-0.870745
16.629356
13.914386
-17.205012
-6.097655
-11.788470
2.536889
16.466931
0.790461
-29.650324
17.441061
0.037719
-6.488163
-29.694583
5.279371
3.461684
4.780373
-15.221116
-10.309104
-12.937552
25.238321
-11.583212
-2.777352
-12.567869
12.858787
-0.173172
1.028062
13.263544
9.533622
11.097027
-30.111996
3.105169
13.642909
4.941539
12.732658
29.948891
17.628696
-15.858171
-11.719905
-1.719384
-9.072692
-1.114688
17.339627
-7.502312
-4.039491
-3.213546
9.523539
14.639062
-2.110249
-4.476846
13.181349
10.211991
6.892643
46.115200
0.447580
4.818434
-1.179367
8.703200
-7.412422
14.227731
25.824949
1.204175
-0.964671
-7.955523
-6.686354
-24.052069
-0.758469
-12.443627
17.731831
2.200314
0.775590
19.746051
-25.070238
4.654360
-14.936445
-9.083678
3.648905
12.589761
-11.812205
7.809856
20.591165
-12.072837
-14.007700
-0.165183
8.851303
0.021167
-11.525652
1.625759
2.923586
-6.276733
-15.820106
6.146784
0.241273
-5.124965
-8.912392
-7.064049
-12.243832
-14.684993
17.866526
-3.409124
-24.412057
-6.893434
14.971482
-7.598153
25.094089
-11.005964
-10.631151
-14.586728
16.432144
-8.190471
5.891859
-23.269746
-8.085559
9.307645
-18.077888
0.707697
7.742857
25.109748
9.051459
13.366430
-5.001698
-8.172274
0.797342
-12.612752
15.842528
10.953865
13.589399
17.800910
-1.523693
-8.148842
7.421365
16.264427
12.119383
13.350515
21.264936
4.169853
17.000549
-0.167250
11.146893
-19.817066
21.772873
-25.059768
2.903648
-4.888110
-16.363587
4.741505
4.690913
19.924753
1.932357
8.155486
3.432140
20.721932
15.962202
0.150411
1.755458
25.123647
-3.381090
12.113928
-12.401421
-10.757855
12.181560
9.153369
14.939121
-8.939979
14.372912
2.427405
-0.670283
23.848911
20.289517
-31.782796
5.033242
-12.004493
-4.229337
-8.954905
22.935867
17.522571
7.839962
9.931497
6.468772
9.657116
3.547938
-2.520282
7.168541
-4.375441
-5.568082
-3.808417
-1.244303
0.113365
35.746221
-17.270872
-15.131962
3.474082
-0.714579
-10.308939
4.616705
10.631419
-16.289303
-5.758642
-18.183849
1.180027
2.312669
9.637218
-15.338338
4.200271
-2.023358
19.652883
4.330942
-7.584461
-3.232276
-7.570853
20.317427
-7.216176
-22.686782
-2.841334
16.145034
9.364954
2.316694
25.207999
-8.297852
3.657313
-12.309348
-11.124531
-4.861705
9.143654
29.002052
11.280195
-15.122458
-2.896574
-7.828138
-4.136040
16.663602
5.328411
13.999960
8.520089
-11.194696
13.142146
-19.066026
11.292164
8.466233
15.536868
-20.045222
-2.875122
0.252913
1.416854
12.373209
9.893046
9.205759
2.520656
23.663458
-4.590025
1.428098
-8.142272
-0.868710
10.244516
-17.328742
2.695734
-10.374842
11.131138
-27.749076
-27.609891
22.933271
-2.109650
-27.789821
-23.806441
-1.227240
4.339960
4.765780
15.064772
4.700775
-1.037510
14.793195
29.068921
0.376881
-3.395943
14.662149
-7.161474
-20.939484
-1.503494
3.462862
2.058440
-15.786159
-8.428165
-9.593639
13.484338
-1.846762
9.168886
8.450386
-2.717900
-27.966743
5.124297
9.939008
-10.625856
-0.238856
-6.235821
24.021011
-0.431604
2.879099
-14.793949
-10.382636
-19.153200
10.286842
8.572823
-11.694496
40.770420
12.977200
5.729303
27.054448
-34.671658
-1.285717
-0.348456
2.822881
-14.659882
7.474088
-31.303324
1.516603
6.196927
-0.578783
5.143652
-10.782586
7.758686
-5.289479
-23.425533
-4.380093
-8.752926
-14.466122
7.130034
0.571437
-3.596516
-7.733440
23.671697
16.561534
-2.669342
1.222312
21.355716
25.319047
15.567812
-4.600614
-8.228718
10.611600
-12.194996
-15.119607
-5.015560
13.495988
2.248885
3.458314
15.880251
3.312693
-16.075273
11.889453
6.725433
-1.247967
-5.831617
-7.688928
-0.338948
-11.302389
-7.231575
-20.990251
-7.322664
-9.787646
8.155820
20.542563
14.619928
14.780018
9.547363
7.717326
10.589030
-10.304539
11.763919
-16.922238
8.736414
-11.752768
-13.702339
-6.403083
-18.392824
0.225547
15.681309
-3.520890
6.998772
2.287794
17.109604
-2.235245
4.136435
34.841464
16.183583
-13.184857
15.810255
-13.049084
0.139876
4.085548
12.283504
-5.608908
7.593971
24.986772
-26.903391
-15.202521
16.871276
-4.150235
-0.539029
13.044959
31.387224
-18.381358
-12.833969
-1.094219
0.007207
1.508683
-4.411662
17.220095
-12.842025
2.879930
13.974166
5.297413
-8.783751
1.702106
-4.481290
-8.466889
19.105073
-2.790854
-8.160764
-12.291910
-4.669981
19.030846
-21.854279
8.706245
9.863068
20.099626
1.547891
1.450184
4.556410
11.854068
23.445188
-42.533059
-21.190247
5.068574
1.621972
-5.067297
0.171366
8.052864
-13.187563
16.071804
-27.634091
24.894897
4.565132
-12.320060
-1.664838
21.221511
-13.015318
-2.304842
11.502273
-5.699951
-10.676126
-30.841930
1.324108
4.153872
7.127310
27.207146
-7.361332
29.006068
3.809814
3.883156
-11.932532
39.126091
-12.962227
7.331311
18.255936
0.123090
-3.294688
5.989185
20.747029
-17.033353
-2.786259
9.980319
-17.173793
-5.184050
17.895952
-8.768557
25.349881
14.935552
-2.139644
-5.806605
-0.995353
27.292249
-11.559471
-17.814648
-16.481621
8.052444
5.561409
14.365070
-3.532637
-3.559730
10.892449
-12.982989
-12.031545
-9.277912
10.638103
18.898201
-9.208714
-20.433137
18.215186
31.177248
-20.276296
0.870745
-16.629356
-13.914386
17.205012
6.097655
11.788470
-2.536889
-16.466931
-0.790461
29.650324
-17.441061
-0.037719
6.488163
29.694583
-5.279371
-3.461684
-4.780373
15.221116
10.309104
12.937552
-25.238321
11.583212
2.777352
12.567869
-12.858787
0.173172
-1.028062
-13.263544
-9.533622
-11.097027
30.111996
-3.105169
-13.642909
-4.941539
-12.732658
-29.948891
-17.628696
15.858171
11.719905
1.719384
9.072692
1.114688
-17.339627
7.502312
4.039491
3.213546
-9.523539
-14.639062
2.110249
4.476846
-13.181349
-10.211991
-6.892643
-46.115200
-0.447580
-4.818434
1.179367
-8.703200
7.412422
-14.227731
-25.824949
-1.204175
0.964671
7.955523
6.686354
24.052069
0.758469
12.443627
-17.731831
-2.200314
-0.775590
-19.746051
25.070238
-4.654360
14.936445
9.083678
-3.648905
-12.589761
11.812205
-7.809856
-20.591165
12.072837
14.007700
0.165183
-8.851303
-0.021167
11.525652
-1.625759
-2.923586
6.276733
15.820106
-6.146784
-0.241273
5.124965
8.912392
7.064049
12.243832
14.684993
-17.866526
3.409124
24.412057
6.893434
-14.971482
7.598153
-25.094089
11.005964
10.631151
14.586728
-16.432144
8.190471
-5.891859
23.269746
8.085559
-9.307645
18.077888
-0.707697
-7.742857
-25.109748
-9.051459
-13.366430
5.001698
8.172274
-0.797342
12.612752
-15.842528
-10.953865
-13.589399
-17.800910
1.523693
8.148842
-7.421365
-16.264427
-12.119383
-13.350515
-21.264936
-4.169853
-17.000549
0.167250
-11.146893
19.817066
-21.772873
25.059768
-2.903648
4.888110
16.363587
-4.741505
-4.690913
-19.924753
-1.932357
-8.155486
-3.432140
-20.721932
-15.962202
-0.150411
-1.755458
-25.123647
3.381090
-12.113928
12.401421
10.757855
-12.181560
-9.153369
-14.939121
8.939979
-14.372912
-2.427405
0.670283
-23.848911
-20.289517
31.782796
-5.033242
12.004493
4.229337
8.954905
-22.935867
-17.522571
-7.839962
-9.931497
-6.468772
-9.657116
-3.547938
2.520282
-7.168541
4.375441
5.568082
3.808417
1.244303
-0.113365
-35.746221
17.270872
15.131962
-3.474082
0.714579
10.308939
-4.616705
-10.631419
16.289303
5.758642
18.183849
-1.180027
-2.312669
-9.637218
15.338338
-4.200271
2.023358
-19.652883
-4.330942
7.584461
3.232276
7.570853
-20.317427
7.216176
22.686782
2.841334
-16.145034
-9.364954
-2.316694
-25.207999
8.297852
-3.657313
12.309348
11.124531
4.861705
-9.143654
-29.002052
-11.280195
15.122458
2.896574
7.828138
4.136040
-16.663602
-5.328411
-13.999960
-8.520089
11.194696
-13.142146
19.066026
-11.292164
-8.466233
-15.536868
20.045222
2.875122
-0.252913
-1.416854
-12.373209
-9.893046
-9.205759
-2.520656
-23.663458
4.590025
-1.428098
8.142272
0.868710
-10.244516
17.328742
-2.695734
10.374842
-11.131138
27.749076
27.609891
-22.933271
2.109650
27.789821
23.806441
1.227240
-4.339960
-4.765780
-15.064772
-4.700775
1.037510
-14.793195
-29.068921
-0.376881
3.395943
-14.662149
7.161474
20.939484
1.503494
-3.462862
-2.058440
15.786159
8.428165
9.593639
-13.484338
1.846762
-9.168886
-8.450386
2.717900
27.966743
-5.124297
-9.939008
10.625856
0.238856
6.235821
-24.021011
0.431604
-2.879099
14.793949
10.382636
19.153200
-10.286842
-8.572823
11.694496
-40.770420
-12.977200
-5.729303
-27.054448
34.671658
1.285717
0.348456
-2.822881
14.659882
-7.474088
31.303324
-1.516603
-6.196927
0.578783
-5.143652
10.782586
-7.758686
5.289479
23.425533
4.380093
8.752926
14.466122
-7.130034
-0.571437
3.596516
7.733440
-23.671697
-16.561534
2.669342
-1.222312
-21.355716
-25.319047
-15.567812
4.600614
8.228718
-10.611600
12.194996
15.119607
5.015560
-13.495988
-2.248885
-3.458314
-15.880251
-3.312693
16.075273
-11.889453
-6.725433
1.247967
5.831617
7.688928
0.338948
11.302389
7.231575
20.990251
7.322664
9.787646
-8.155820
-20.542563
-14.619928
-14.780018
-9.547363
-7.717326
-10.589030
10.304539
-11.763919
16.922238
-8.736414
11.752768
13.702339
6.403083
18.392824
-0.225547
-15.681309
3.520890
-6.998772
-2.287794
-17.109604
2.235245
-4.136435
-34.841464
-16.183583
13.184857
-15.810255
13.049084
-0.139876
-4.085548
-12.283504
5.608908
-7.593971
-24.986772
26.903391
15.202521
-16.871276
4.150235
0.539029
-13.044959
-31.387224
18.381358
12.833969
1.094219
-0.007207
-1.508683
4.411662
-17.220095
12.842025
-2.879930
-13.974166
-5.297413
8.783751
-1.702106
4.481290
8.466889
-19.105073
2.790854
8.160764
