0.000000
2.596230
5.087858
7.374496
9.364017
10.976263
12.146276
12.826917
12.990763
12.631213
11.762752
10.420371
8.658154
6.547102
4.172267
1.629332
-0.979248
-3.548375
-5.974538
-8.159988
-10.016672
-11.469786
-12.460783
-12.949737
-12.916947
-12.363735
-11.312389
-9.805268
-7.903094
-5.682505
-3.232969
-0.653176
1.952933
4.480358
6.827270
8.899112
10.612410
11.898135
12.704486
12.998974
12.769734
12.026004
10.797747
9.134450
7.103127
4.785619
2.275300
-0.326691
-2.915520
-5.386883
-7.641208
-9.587671
-11.147847
-12.258877
-12.875999
-12.974347
-12.549961
-11.619939
-10.221750
-8.411728
-6.262798
-3.861541
-1.304702
1.304702
3.861541
6.262798
8.411728
10.221750
11.619939
12.549961
12.974347
12.875999
12.258877
11.147847
9.587671
7.641208
5.386883
2.915520
0.326691
-2.275300
-4.785619
-7.103127
-9.134450
-10.797747
-12.026004
-12.769734
-12.998974
-12.704486
-11.898135
-10.612410
-8.899112
-6.827270
-4.480358
-1.952933
0.653176
3.232969
5.682505
7.903094
9.805268
11.312389
12.363735
12.916947
12.949737
12.460783
11.469786
10.016672
8.159988
5.974538
3.548375
0.979248
-1.629332
-4.172267
-6.547102
-8.658154
-10.420371
-11.762752
-12.631213
-12.990763
-12.826917
-12.146276
-10.976263
-9.364017
-7.374496
-5.087858
-2.596230
0.000000
2.596230
5.087858
7.374496
9.364017
10.976263
12.146276
12.826917
12.990763
12.631213
11.762752
10.420371
8.658154
6.547102
4.172267
1.629332
-0.979248
-3.548375
-5.974538
-8.159988
-10.016672
-11.469786
-12.460783
-12.949737
-12.916947
-12.363735
-11.312389
-9.805268
-7.903094
-5.682505
-3.232969
-0.653176
1.952933
4.480358
6.827270
8.899112
10.612410
11.898135
12.704486
12.998974
12.769734
12.026004
10.797747
9.134450
7.103127
4.785619
2.275300
-0.326691
-2.915520
-5.386883
-7.641208
-9.587671
-11.147847
-12.258877
-12.875999
-12.974347
-12.549961
-11.619939
-10.221750
-8.411728
-6.262798
-3.861541
-1.304702
1.304702
3.861541
6.262798
8.411728
10.221750
11.619939
12.549961
12.974347
12.875999
12.258877
11.147847
9.587671
7.641208
5.386883
2.915520
0.326691
-2.275300
-4.785619
-7.103127
-9.134450
-10.797747
-12.026004
-12.769734
-12.998974
-12.704486
-11.898135
-10.612410
-8.899112
-6.827270
-4.480358
-1.952933
0.653176
3.232969
5.682505
7.903094
9.805268
11.312389
12.363735
12.916947
12.949737
12.460783
11.469786
10.016672
8.159988
5.974538
3.548375
0.979248
-1.629332
-4.172267
-6.547102
-8.658154
-10.420371
-11.762752
-12.631213
-12.990763
-12.826917
-12.146276
-10.976263
-9.364017
-7.374496
-5.087858
-2.596230
0.000000
2.596230
5.087858
7.374496
9.364017
10.976263
12.146276
12.826917
12.990763
12.631213
11.762752
10.420371
8.658154
6.547102
4.172267
1.629332
-0.979248
-3.548375
-5.974538
-8.159988
-10.016672
-11.469786
-12.460783
-12.949737
-12.916947
-12.363735
-11.312389
-9.805268
-7.903094
-5.682505
-3.232969
-0.653176
1.952933
4.480358
6.827270
8.899112
10.612410
11.898135
12.704486
12.998974
12.769734
12.026004
10.797747
9.134450
7.103127
4.785619
2.275300
-0.326691
-2.915520
-5.386883
-7.641208
-9.587671
-11.147847
-12.258877
-12.875999
-12.974347
-12.549961
-11.619939
-10.221750
-8.411728
-6.262798
-3.861541
-1.304702
1.304702
3.861541
6.262798
8.411728
10.221750
11.619939
12.549961
12.974347
12.875999
12.258877
11.147847
9.587671
7.641208
5.386883
2.915520
0.326691
-2.275300
-4.785619
-7.103127
-9.134450
-10.797747
-12.026004
-12.769734
-12.998974
-12.704486
-11.898135
-10.612410
-8.899112
-6.827270
-4.480358
-1.952933
0.653176
3.232969
5.682505
7.903094
9.805268
11.312389
12.363735
12.916947
12.949737
12.460783
11.469786
10.016672
8.159988
5.974538
3.548375
0.979248
-1.629332
-4.172267
-6.547102
-8.658154
-10.420371
-11.762752
-12.631213
-12.990763
-12.826917
-12.146276
-10.976263
-9.364017
-7.374496
-5.087858
-2.596230
-0.000000
2.596230
5.087858
7.374496
9.364017
10.976263
12.146276
12.826917
12.990763
12.631213
11.762752
10.420371
8.658154
6.547102
4.172267
1.629332
-0.979248
-3.548375
-5.974538
-8.159988
-10.016672
-11.469786
-12.460783
-12.949737
-12.916947
-12.363735
-11.312389
-9.805268
-7.903094
-5.682505
-3.232969
-0.653176
1.952933
4.480358
6.827270
8.899112
10.612410
11.898135
12.704486
12.998974
12.769734
12.026004
10.797747
9.134450
7.103127
4.785619
2.275300
-0.326691
-2.915520
-5.386883
-7.641208
-9.587671
-11.147847
-12.258877
-12.875999
-12.974347
-12.549961
-11.619939
-10.221750
-8.411728
-6.262798
-3.861541
-1.304702
1.304702
3.861541
6.262798
8.411728
10.221750
11.619939
12.549961
12.974347
12.875999
12.258877
11.147847
9.587671
7.641208
5.386883
2.915520
0.326691
-2.275300
-4.785619
-7.103127
-9.134450
-10.797747
-12.026004
-12.769734
-12.998974
-12.704486
-11.898135
-10.612410
-8.899112
-6.827270
-4.480358
-1.952933
0.653176
3.232969
5.682505
7.903094
9.805268
11.312389
12.363735
12.916947
12.949737
12.460783
11.469786
10.016672
8.159988
5.974538
3.548375
0.979248
-1.629332
-4.172267
-6.547102
-8.658154
-10.420371
-11.762752
-12.631213
-12.990763
-12.826917
-12.146276
-10.976263
-9.364017
-7.374496
-5.087858
-2.596230
0.000000
2.596230
5.087858
7.374496
9.364017
10.976263
12.146276
12.826917
12.990763
12.631213
11.762752
10.420371
8.658154
6.547102
4.172267
1.629332
-0.979248
-3.548375
-5.974538
-8.159988
-10.016672
-11.469786
-12.460783
-12.949737
-12.916947
-12.363735
-11.312389
-9.805268
-7.903094
-5.682505
-3.232969
-0.653176
1.952933
4.480358
6.827270
8.899112
10.612410
11.898135
12.704486
12.998974
12.769734
12.026004
10.797747
9.134450
7.103127
4.785619
2.275300
-0.326691
-2.915520
-5.386883
-7.641208
-9.587671
-11.147847
-12.258877
-12.875999
-12.974347
-12.549961
-11.619939
-10.221750
-8.411728
-6.262798
-3.861541
-1.304702
1.304702
3.861541
6.262798
8.411728
10.221750
11.619939
12.549961
12.974347
12.875999
12.258877
11.147847
9.587671
7.641208
5.386883
2.915520
0.326691
-2.275300
-4.785619
-7.103127
-9.134450
-10.797747
-12.026004
-12.769734
-12.998974
-12.704486
-11.898135
-10.612410
-8.899112
-6.827270
-4.480358
-1.952933
0.653176
3.232969
5.682505
7.903094
9.805268
11.312389
12.363735
12.916947
12.949737
12.460783
11.469786
10.016672
8.159988
5.974538
3.548375
0.979248
-1.629332
-4.172267
-6.547102
-8.658154
-10.420371
-11.762752
-12.631213
-12.990763
-12.826917
-12.146276
-10.976263
-9.364017
-7.374496
-5.087858
-2.596230
0.000000
2.596230
5.087858
7.374496
9.364017
10.976263
12.146276
12.826917
12.990763
12.631213
11.762752
10.420371
8.658154
6.547102
4.172267
1.629332
-0.979248
-3.548375
-5.974538
-8.159988
-10.016672
-11.469786
-12.460783
-12.949737
-12.916947
-12.363735
-11.312389
-9.805268
-7.903094
-5.682505
-3.232969
-0.653176
1.952933
4.480358
6.827270
8.899112
10.612410
11.898135
12.704486
12.998974
12.769734
12.026004
10.797747
9.134450
7.103127
4.785619
2.275300
-0.326691
-2.915520
-5.386883
-7.641208
-9.587671
-11.147847
-12.258877
-12.875999
-12.974347
-12.549961
-11.619939
-10.221750
-8.411728
-6.262798
-3.861541
-1.304702
1.304702
3.861541
6.262798
8.411728
10.221750
11.619939
12.549961
12.974347
12.875999
12.258877
11.147847
9.587671
7.641208
5.386883
2.915520
0.326691
-2.275300
-4.785619
-7.103127
-9.134450
-10.797747
-12.026004
-12.769734
-12.998974
-12.704486
-11.898135
-10.612410
-8.899112
-6.827270
-4.480358
-1.952933
0.653176
3.232969
5.682505
7.903094
9.805268
11.312389
12.363735
12.916947
12.949737
12.460783
11.469786
10.016672
8.159988
5.974538
3.548375
0.979248
-1.629332
-4.172267
-6.547102
-8.658154
-10.420371
-11.762752
-12.631213
-12.990763
-12.826917
-12.146276
-10.976263
-9.364017
-7.374496
-5.087858
-2.596230
-0.000000
2.596230
5.087858
7.374496
9.364017
10.976263
12.146276
12.826917
12.990763
12.631213
11.762752
10.420371
8.658154
6.547102
4.172267
1.629332
-0.979248
-3.548375
-5.974538
-8.159988
-10.016672
-11.469786
-12.460783
-12.949737
-12.916947
-12.363735
-11.312389
-9.805268
-7.903094
-5.682505
-3.232969
-0.653176
1.952933
4.480358
6.827270
8.899112
10.612410
11.898135
12.704486
12.998974
12.769734
12.026004
10.797747
9.134450
7.103127
4.785619
2.275300
-0.326691
-2.915520
-5.386883
-7.641208
-9.587671
-11.147847
-12.258877
-12.875999
-12.974347
-12.549961
-11.619939
-10.221750
-8.411728
-6.262798
-3.861541
-1.304702
1.304702
3.861541
6.262798
8.411728
10.221750
11.619939
12.549961
12.974347
12.875999
12.258877
11.147847
9.587671
7.641208
5.386883
2.915520
0.326691
-2.275300
-4.785619
-7.103127
-9.134450
-10.797747
-12.026004
-12.769734
-12.998974
-12.704486
-11.898135
-10.612410
-8.899112
-6.827270
-4.480358
-1.952933
0.653176
3.232969
5.682505
7.903094
9.805268
11.312389
12.363735
12.916947
12.949737
12.460783
11.469786
10.016672
8.159988
5.974538
3.548375
0.979248
-1.629332
-4.172267
-6.547102
-8.658154
-10.420371
-11.762752
-12.631213
-12.990763
-12.826917
-12.146276
-10.976263
-9.364017
-7.374496
-5.087858
-2.596230
0.000000
2.596230
5.087858
7.374496
9.364017
10.976263
12.146276
12.826917
12.990763
12.631213
11.762752
10.420371
8.658154
6.547102
4.172267
1.629332
-0.979248
-3.548375
-5.974538
-8.159988
-10.016672
-11.469786
-12.460783
-12.949737
-12.916947
-12.363735
-11.312389
-9.805268
-7.903094
-5.682505
-3.232969
-0.653176
1.952933
4.480358
6.827270
8.899112
10.612410
11.898135
12.704486
12.998974
12.769734
12.026004
10.797747
9.134450
7.103127
4.785619
2.275300
-0.326691
-2.915520
-5.386883
-7.641208
-9.587671
-11.147847
-12.258877
-12.875999
-12.974347
-12.549961
-11.619939
-10.221750
-8.411728
-6.262798
-3.861541
-1.304702
1.304702
3.861541
6.262798
8.411728
10.221750
11.619939
12.549961
12.974347
12.875999
12.258877
11.147847
9.587671
7.641208
5.386883
2.915520
0.326691
-2.275300
-4.785619
-7.103127
-9.134450
-10.797747
-12.026004
-12.769734
-12.998974
-12.704486
-11.898135
-10.612410
-8.899112
-6.827270
-4.480358
-1.952933
0.653176
3.232969
5.682505
7.903094
9.805268
11.312389
12.363735
12.916947
12.949737
12.460783
11.469786
10.016672
8.159988
5.974538
3.548375
0.979248
-1.629332
-4.172267
-6.547102
-8.658154
-10.420371
-11.762752
-12.631213
-12.990763
-12.826917
-12.146276
-10.976263
-9.364017
-7.374496
-5.087858
-2.596230
