0.000000
0.326691
0.653176
0.979248
1.304702
1.629332
1.952933
2.275300
2.596230
2.915520
3.232969
3.548375
3.861541
4.172267
4.480358
4.785619
5.087858
5.386883
5.682505
5.974538
6.262798
6.547102
6.827270
7.103127
7.374496
7.641208
7.903094
8.159988
8.411728
8.658154
8.899112
9.134450
9.364017
9.587671
9.805268
10.016672
10.221750
10.420371
10.612410
10.797747
10.976263
11.147847
11.312389
11.469786
11.619939
11.762752
11.898135
12.026004
12.146276
12.258877
12.363735
12.460783
12.549961
12.631213
12.704486
12.769734
12.826917
12.875999
12.916947
12.949737
12.974347
12.990763
12.998974
12.998974
12.990763
12.974347
12.949737
12.916947
12.875999
12.826917
12.769734
12.704486
12.631213
12.549961
12.460783
12.363735
12.258877
12.146276
12.026004
11.898135
11.762752
11.619939
11.469786
11.312389
11.147847
10.976263
10.797747
10.612410
10.420371
10.221750
10.016672
9.805268
9.587671
9.364017
9.134450
8.899112
8.658154
8.411728
8.159988
7.903094
7.641208
7.374496
7.103127
6.827270
6.547102
6.262798
5.974538
5.682505
5.386883
5.087858
4.785619
4.480358
4.172267
3.861541
3.548375
3.232969
2.915520
2.596230
2.275300
1.952933
1.629332
1.304702
0.979248
0.653176
0.326691
-0.000000
-0.326691
-0.653176
-0.979248
-1.304702
-1.629332
-1.952933
-2.275300
-2.596230
-2.915520
-3.232969
-3.548375
-3.861541
-4.172267
-4.480358
-4.785619
-5.087858
-5.386883
-5.682505
-5.974538
-6.262798
-6.547102
-6.827270
-7.103127
-7.374496
-7.641208
-7.903094
-8.159988
-8.411728
-8.658154
-8.899112
-9.134450
-9.364017
-9.587671
-9.805268
-10.016672
-10.221750
-10.420371
-10.612410
-10.797747
-10.976263
-11.147847
-11.312389
-11.469786
-11.619939
-11.762752
-11.898135
-12.026004
-12.146276
-12.258877
-12.363735
-12.460783
-12.549961
-12.631213
-12.704486
-12.769734
-12.826917
-12.875999
-12.916947
-12.949737
-12.974347
-12.990763
-12.998974
-12.998974
-12.990763
-12.974347
-12.949737
-12.916947
-12.875999
-12.826917
-12.769734
-12.704486
-12.631213
-12.549961
-12.460783
-12.363735
-12.258877
-12.146276
-12.026004
-11.898135
-11.762752
-11.619939
-11.469786
-11.312389
-11.147847
-10.976263
-10.797747
-10.612410
-10.420371
-10.221750
-10.016672
-9.805268
-9.587671
-9.364017
-9.134450
-8.899112
-8.658154
-8.411728
-8.159988
-7.903094
-7.641208
-7.374496
-7.103127
-6.827270
-6.547102
-6.262798
-5.974538
-5.682505
-5.386883
-5.087858
-4.785619
-4.480358
-4.172267
-3.861541
-3.548375
-3.232969
-2.915520
-2.596230
-2.275300
-1.952933
-1.629332
-1.304702
-0.979248
-0.653176
-0.326691
0.000000
0.326691
0.653176
0.979248
1.304702
1.629332
1.952933
2.275300
2.596230
2.915520
3.232969
3.548375
3.861541
4.172267
4.480358
4.785619
5.087858
5.386883
5.682505
5.974538
6.262798
6.547102
6.827270
7.103127
7.374496
7.641208
7.903094
8.159988
8.411728
8.658154
8.899112
9.134450
9.364017
9.587671
9.805268
10.016672
10.221750
10.420371
10.612410
10.797747
10.976263
11.147847
11.312389
11.469786
11.619939
11.762752
11.898135
12.026004
12.146276
12.258877
12.363735
12.460783
12.549961
12.631213
12.704486
12.769734
12.826917
12.875999
12.916947
12.949737
12.974347
12.990763
12.998974
12.998974
12.990763
12.974347
12.949737
12.916947
12.875999
12.826917
12.769734
12.704486
12.631213
12.549961
12.460783
12.363735
12.258877
12.146276
12.026004
11.898135
11.762752
11.619939
11.469786
11.312389
11.147847
10.976263
10.797747
10.612410
10.420371
10.221750
10.016672
9.805268
9.587671
9.364017
9.134450
8.899112
8.658154
8.411728
8.159988
7.903094
7.641208
7.374496
7.103127
6.827270
6.547102
6.262798
5.974538
5.682505
5.386883
5.087858
4.785619
4.480358
4.172267
3.861541
3.548375
3.232969
2.915520
2.596230
2.275300
1.952933
1.629332
1.304702
0.979248
0.653176
0.326691
0.000000
-0.326691
-0.653176
-0.979248
-1.304702
-1.629332
-1.952933
-2.275300
-2.596230
-2.915520
-3.232969
-3.548375
-3.861541
-4.172267
-4.480358
-4.785619
-5.087858
-5.386883
-5.682505
-5.974538
-6.262798
-6.547102
-6.827270
-7.103127
-7.374496
-7.641208
-7.903094
-8.159988
-8.411728
-8.658154
-8.899112
-9.134450
-9.364017
-9.587671
-9.805268
-10.016672
-10.221750
-10.420371
-10.612410
-10.797747
-10.976263
-11.147847
-11.312389
-11.469786
-11.619939
-11.762752
-11.898135
-12.026004
-12.146276
-12.258877
-12.363735
-12.460783
-12.549961
-12.631213
-12.704486
-12.769734
-12.826917
-12.875999
-12.916947
-12.949737
-12.974347
-12.990763
-12.998974
-12.998974
-12.990763
-12.974347
-12.949737
-12.916947
-12.875999
-12.826917
-12.769734
-12.704486
-12.631213
-12.549961
-12.460783
-12.363735
-12.258877
-12.146276
-12.026004
-11.898135
-11.762752
-11.619939
-11.469786
-11.312389
-11.147847
-10.976263
-10.797747
-10.612410
-10.420371
-10.221750
-10.016672
-9.805268
-9.587671
-9.364017
-9.134450
-8.899112
-8.658154
-8.411728
-8.159988
-7.903094
-7.641208
-7.374496
-7.103127
-6.827270
-6.547102
-6.262798
-5.974538
-5.682505
-5.386883
-5.087858
-4.785619
-4.480358
-4.172267
-3.861541
-3.548375
-3.232969
-2.915520
-2.596230
-2.275300
-1.952933
-1.629332
-1.304702
-0.979248
-0.653176
-0.326691
0.000000
0.326691
0.653176
0.979248
1.304702
1.629332
1.952933
2.275300
2.596230
2.915520
3.232969
3.548375
3.861541
4.172267
4.480358
4.785619
5.087858
5.386883
5.682505
5.974538
6.262798
6.547102
6.827270
7.103127
7.374496
7.641208
7.903094
8.159988
8.411728
8.658154
8.899112
9.134450
9.364017
9.587671
9.805268
10.016672
10.221750
10.420371
10.612410
10.797747
10.976263
11.147847
11.312389
11.469786
11.619939
11.762752
11.898135
12.026004
12.146276
12.258877
12.363735
12.460783
12.549961
12.631213
12.704486
12.769734
12.826917
12.875999
12.916947
12.949737
12.974347
12.990763
12.998974
12.998974
12.990763
12.974347
12.949737
12.916947
12.875999
12.826917
12.769734
12.704486
12.631213
12.549961
12.460783
12.363735
12.258877
12.146276
12.026004
11.898135
11.762752
11.619939
11.469786
11.312389
11.147847
10.976263
10.797747
10.612410
10.420371
10.221750
10.016672
9.805268
9.587671
9.364017
9.134450
8.899112
8.658154
8.411728
8.159988
7.903094
7.641208
7.374496
7.103127
6.827270
6.547102
6.262798
5.974538
5.682505
5.386883
5.087858
4.785619
4.480358
4.172267
3.861541
3.548375
3.232969
2.915520
2.596230
2.275300
1.952933
1.629332
1.304702
0.979248
0.653176
0.326691
-0.000000
-0.326691
-0.653176
-0.979248
-1.304702
-1.629332
-1.952933
-2.275300
-2.596230
-2.915520
-3.232969
-3.548375
-3.861541
-4.172267
-4.480358
-4.785619
-5.087858
-5.386883
-5.682505
-5.974538
-6.262798
-6.547102
-6.827270
-7.103127
-7.374496
-7.641208
-7.903094
-8.159988
-8.411728
-8.658154
-8.899112
-9.134450
-9.364017
-9.587671
-9.805268
-10.016672
-10.221750
-10.420371
-10.612410
-10.797747
-10.976263
-11.147847
-11.312389
-11.469786
-11.619939
-11.762752
-11.898135
-12.026004
-12.146276
-12.258877
-12.363735
-12.460783
-12.549961
-12.631213
-12.704486
-12.769734
-12.826917
-12.875999
-12.916947
-12.949737
-12.974347
-12.990763
-12.998974
-12.998974
-12.990763
-12.974347
-12.949737
-12.916947
-12.875999
-12.826917
-12.769734
-12.704486
-12.631213
-12.549961
-12.460783
-12.363735
-12.258877
-12.146276
-12.026004
-11.898135
-11.762752
-11.619939
-11.469786
-11.312389
-11.147847
-10.976263
-10.797747
-10.612410
-10.420371
-10.221750
-10.016672
-9.805268
-9.587671
-9.364017
-9.134450
-8.899112
-8.658154
-8.411728
-8.159988
-7.903094
-7.641208
-7.374496
-7.103127
-6.827270
-6.547102
-6.262798
-5.974538
-5.682505
-5.386883
-5.087858
-4.785619
-4.480358
-4.172267
-3.861541
-3.548375
-3.232969
-2.915520
-2.596230
-2.275300
-1.952933
-1.629332
-1.304702
-0.979248
-0.653176
-0.326691
-0.000000
0.326691
0.653176
0.979248
1.304702
1.629332
1.952933
2.275300
2.596230
2.915520
3.232969
3.548375
3.861541
4.172267
4.480358
4.785619
5.087858
5.386883
5.682505
5.974538
6.262798
6.547102
6.827270
7.103127
7.374496
7.641208
7.903094
8.159988
8.411728
8.658154
8.899112
9.134450
9.364017
9.587671
9.805268
10.016672
10.221750
10.420371
10.612410
10.797747
10.976263
11.147847
11.312389
11.469786
11.619939
11.762752
11.898135
12.026004
12.146276
12.258877
12.363735
12.460783
12.549961
12.631213
12.704486
12.769734
12.826917
12.875999
12.916947
12.949737
12.974347
12.990763
12.998974
12.998974
12.990763
12.974347
12.949737
12.916947
12.875999
12.826917
12.769734
12.704486
12.631213
12.549961
12.460783
12.363735
12.258877
12.146276
12.026004
11.898135
11.762752
11.619939
11.469786
11.312389
11.147847
10.976263
10.797747
10.612410
10.420371
10.221750
10.016672
9.805268
9.587671
9.364017
9.134450
8.899112
8.658154
8.411728
8.159988
7.903094
7.641208
7.374496
7.103127
6.827270
6.547102
6.262798
5.974538
5.682505
5.386883
5.087858
4.785619
4.480358
4.172267
3.861541
3.548375
3.232969
2.915520
2.596230
2.275300
1.952933
1.629332
1.304702
0.979248
0.653176
0.326691
-0.000000
-0.326691
-0.653176
-0.979248
-1.304702
-1.629332
-1.952933
-2.275300
-2.596230
-2.915520
-3.232969
-3.548375
-3.861541
-4.172267
-4.480358
-4.785619
-5.087858
-5.386883
-5.682505
-5.974538
-6.262798
-6.547102
-6.827270
-7.103127
-7.374496
-7.641208
-7.903094
-8.159988
-8.411728
-8.658154
-8.899112
-9.134450
-9.364017
-9.587671
-9.805268
-10.016672
-10.221750
-10.420371
-10.612410
-10.797747
-10.976263
-11.147847
-11.312389
-11.469786
-11.619939
-11.762752
-11.898135
-12.026004
-12.146276
-12.258877
-12.363735
-12.460783
-12.549961
-12.631213
-12.704486
-12.769734
-12.826917
-12.875999
-12.916947
-12.949737
-12.974347
-12.990763
-12.998974
-12.998974
-12.990763
-12.974347
-12.949737
-12.916947
-12.875999
-12.826917
-12.769734
-12.704486
-12.631213
-12.549961
-12.460783
-12.363735
-12.258877
-12.146276
-12.026004
-11.898135
-11.762752
-11.619939
-11.469786
-11.312389
-11.147847
-10.976263
-10.797747
-10.612410
-10.420371
-10.221750
-10.016672
-9.805268
-9.587671
-9.364017
-9.134450
-8.899112
-8.658154
-8.411728
-8.159988
-7.903094
-7.641208
-7.374496
-7.103127
-6.827270
-6.547102
-6.262798
-5.974538
-5.682505
-5.386883
-5.087858
-4.785619
-4.480358
-4.172267
-3.861541
-3.548375
-3.232969
-2.915520
-2.596230
-2.275300
-1.952933
-1.629332
-1.304702
-0.979248
-0.653176
-0.326691
