0.000000
1.304702
2.596230
3.861541
5.087858
6.262798
7.374496
8.411728
9.364017
10.221750
10.976263
11.619939
12.146276
12.549961
12.826917
12.974347
12.990763
12.875999
12.631213
12.258877
11.762752
11.147847
10.420371
9.587671
8.658154
7.641208
6.547102
5.386883
4.172267
2.915520
1.629332
0.326691
-0.979248
-2.275300
-3.548375
-4.785619
-5.974538
-7.103127
-8.159988
-9.134450
-10.016672
-10.797747
-11.469786
-12.026004
-12.460783
-12.769734
-12.949737
-12.998974
-12.916947
-12.704486
-12.363735
-11.898135
-11.312389
-10.612410
-9.805268
-8.899112
-7.903094
-6.827270
-5.682505
-4.480358
-3.232969
-1.952933
-0.653176
0.653176
1.952933
3.232969
4.480358
5.682505
6.827270
7.903094
8.899112
9.805268
10.612410
11.312389
11.898135
12.363735
12.704486
12.916947
12.998974
12.949737
12.769734
12.460783
12.026004
11.469786
10.797747
10.016672
9.134450
8.159988
7.103127
5.974538
4.785619
3.548375
2.275300
0.979248
-0.326691
-1.629332
-2.915520
-4.172267
-5.386883
-6.547102
-7.641208
-8.658154
-9.587671
-10.420371
-11.147847
-11.762752
-12.258877
-12.631213
-12.875999
-12.990763
-12.974347
-12.826917
-12.549961
-12.146276
-11.619939
-10.976263
-10.221750
-9.364017
-8.411728
-7.374496
-6.262798
-5.087858
-3.861541
-2.596230
-1.304702
0.000000
1.304702
2.596230
3.861541
5.087858
6.262798
7.374496
8.411728
9.364017
10.221750
10.976263
11.619939
12.146276
12.549961
12.826917
12.974347
12.990763
12.875999
12.631213
12.258877
11.762752
11.147847
10.420371
9.587671
8.658154
7.641208
6.547102
5.386883
4.172267
2.915520
1.629332
0.326691
-0.979248
-2.275300
-3.548375
-4.785619
-5.974538
-7.103127
-8.159988
-9.134450
-10.016672
-10.797747
-11.469786
-12.026004
-12.460783
-12.769734
-12.949737
-12.998974
-12.916947
-12.704486
-12.363735
-11.898135
-11.312389
-10.612410
-9.805268
-8.899112
-7.903094
-6.827270
-5.682505
-4.480358
-3.232969
-1.952933
-0.653176
0.653176
1.952933
3.232969
4.480358
5.682505
6.827270
7.903094
8.899112
9.805268
10.612410
11.312389
11.898135
12.363735
12.704486
12.916947
12.998974
12.949737
12.769734
12.460783
12.026004
11.469786
10.797747
10.016672
9.134450
8.159988
7.103127
5.974538
4.785619
3.548375
2.275300
0.979248
-0.326691
-1.629332
-2.915520
-4.172267
-5.386883
-6.547102
-7.641208
-8.658154
-9.587671
-10.420371
-11.147847
-11.762752
-12.258877
-12.631213
-12.875999
-12.990763
-12.974347
-12.826917
-12.549961
-12.146276
-11.619939
-10.976263
-10.221750
-9.364017
-8.411728
-7.374496
-6.262798
-5.087858
-3.861541
-2.596230
-1.304702
0.000000
1.304702
2.596230
3.861541
5.087858
6.262798
7.374496
8.411728
9.364017
10.221750
10.976263
11.619939
12.146276
12.549961
12.826917
12.974347
12.990763
12.875999
12.631213
12.258877
11.762752
11.147847
10.420371
9.587671
8.658154
7.641208
6.547102
5.386883
4.172267
2.915520
1.629332
0.326691
-0.979248
-2.275300
-3.548375
-4.785619
-5.974538
-7.103127
-8.159988
-9.134450
-10.016672
-10.797747
-11.469786
-12.026004
-12.460783
-12.769734
-12.949737
-12.998974
-12.916947
-12.704486
-12.363735
-11.898135
-11.312389
-10.612410
-9.805268
-8.899112
-7.903094
-6.827270
-5.682505
-4.480358
-3.232969
-1.952933
-0.653176
0.653176
1.952933
3.232969
4.480358
5.682505
6.827270
7.903094
8.899112
9.805268
10.612410
11.312389
11.898135
12.363735
12.704486
12.916947
12.998974
12.949737
12.769734
12.460783
12.026004
11.469786
10.797747
10.016672
9.134450
8.159988
7.103127
5.974538
4.785619
3.548375
2.275300
0.979248
-0.326691
-1.629332
-2.915520
-4.172267
-5.386883
-6.547102
-7.641208
-8.658154
-9.587671
-10.420371
-11.147847
-11.762752
-12.258877
-12.631213
-12.875999
-12.990763
-12.974347
-12.826917
-12.549961
-12.146276
-11.619939
-10.976263
-10.221750
-9.364017
-8.411728
-7.374496
-6.262798
-5.087858
-3.861541
-2.596230
-1.304702
-0.000000
1.304702
2.596230
3.861541
5.087858
6.262798
7.374496
8.411728
9.364017
10.221750
10.976263
11.619939
12.146276
12.549961
12.826917
12.974347
12.990763
12.875999
12.631213
12.258877
11.762752
11.147847
10.420371
9.587671
8.658154
7.641208
6.547102
5.386883
4.172267
2.915520
1.629332
0.326691
-0.979248
-2.275300
-3.548375
-4.785619
-5.974538
-7.103127
-8.159988
-9.134450
-10.016672
-10.797747
-11.469786
-12.026004
-12.460783
-12.769734
-12.949737
-12.998974
-12.916947
-12.704486
-12.363735
-11.898135
-11.312389
-10.612410
-9.805268
-8.899112
-7.903094
-6.827270
-5.682505
-4.480358
-3.232969
-1.952933
-0.653176
0.653176
1.952933
3.232969
4.480358
5.682505
6.827270
7.903094
8.899112
9.805268
10.612410
11.312389
11.898135
12.363735
12.704486
12.916947
12.998974
12.949737
12.769734
12.460783
12.026004
11.469786
10.797747
10.016672
9.134450
8.159988
7.103127
5.974538
4.785619
3.548375
2.275300
0.979248
-0.326691
-1.629332
-2.915520
-4.172267
-5.386883
-6.547102
-7.641208
-8.658154
-9.587671
-10.420371
-11.147847
-11.762752
-12.258877
-12.631213
-12.875999
-12.990763
-12.974347
-12.826917
-12.549961
-12.146276
-11.619939
-10.976263
-10.221750
-9.364017
-8.411728
-7.374496
-6.262798
-5.087858
-3.861541
-2.596230
-1.304702
0.000000
1.304702
2.596230
3.861541
5.087858
6.262798
7.374496
8.411728
9.364017
10.221750
10.976263
11.619939
12.146276
12.549961
12.826917
12.974347
12.990763
12.875999
12.631213
12.258877
11.762752
11.147847
10.420371
9.587671
8.658154
7.641208
6.547102
5.386883
4.172267
2.915520
1.629332
0.326691
-0.979248
-2.275300
-3.548375
-4.785619
-5.974538
-7.103127
-8.159988
-9.134450
-10.016672
-10.797747
-11.469786
-12.026004
-12.460783
-12.769734
-12.949737
-12.998974
-12.916947
-12.704486
-12.363735
-11.898135
-11.312389
-10.612410
-9.805268
-8.899112
-7.903094
-6.827270
-5.682505
-4.480358
-3.232969
-1.952933
-0.653176
0.653176
1.952933
3.232969
4.480358
5.682505
6.827270
7.903094
8.899112
9.805268
10.612410
11.312389
11.898135
12.363735
12.704486
12.916947
12.998974
12.949737
12.769734
12.460783
12.026004
11.469786
10.797747
10.016672
9.134450
8.159988
7.103127
5.974538
4.785619
3.548375
2.275300
0.979248
-0.326691
-1.629332
-2.915520
-4.172267
-5.386883
-6.547102
-7.641208
-8.658154
-9.587671
-10.420371
-11.147847
-11.762752
-12.258877
-12.631213
-12.875999
-12.990763
-12.974347
-12.826917
-12.549961
-12.146276
-11.619939
-10.976263
-10.221750
-9.364017
-8.411728
-7.374496
-6.262798
-5.087858
-3.861541
-2.596230
-1.304702
0.000000
1.304702
2.596230
3.861541
5.087858
6.262798
7.374496
8.411728
9.364017
10.221750
10.976263
11.619939
12.146276
12.549961
12.826917
12.974347
12.990763
12.875999
12.631213
12.258877
11.762752
11.147847
10.420371
9.587671
8.658154
7.641208
6.547102
5.386883
4.172267
2.915520
1.629332
0.326691
-0.979248
-2.275300
-3.548375
-4.785619
-5.974538
-7.103127
-8.159988
-9.134450
-10.016672
-10.797747
-11.469786
-12.026004
-12.460783
-12.769734
-12.949737
-12.998974
-12.916947
-12.704486
-12.363735
-11.898135
-11.312389
-10.612410
-9.805268
-8.899112
-7.903094
-6.827270
-5.682505
-4.480358
-3.232969
-1.952933
-0.653176
0.653176
1.952933
3.232969
4.480358
5.682505
6.827270
7.903094
8.899112
9.805268
10.612410
11.312389
11.898135
12.363735
12.704486
12.916947
12.998974
12.949737
12.769734
12.460783
12.026004
11.469786
10.797747
10.016672
9.134450
8.159988
7.103127
5.974538
4.785619
3.548375
2.275300
0.979248
-0.326691
-1.629332
-2.915520
-4.172267
-5.386883
-6.547102
-7.641208
-8.658154
-9.587671
-10.420371
-11.147847
-11.762752
-12.258877
-12.631213
-12.875999
-12.990763
-12.974347
-12.826917
-12.549961
-12.146276
-11.619939
-10.976263
-10.221750
-9.364017
-8.411728
-7.374496
-6.262798
-5.087858
-3.861541
-2.596230
-1.304702
-0.000000
1.304702
2.596230
3.861541
5.087858
6.262798
7.374496
8.411728
9.364017
10.221750
10.976263
11.619939
12.146276
12.549961
12.826917
12.974347
12.990763
12.875999
12.631213
12.258877
11.762752
11.147847
10.420371
9.587671
8.658154
7.641208
6.547102
5.386883
4.172267
2.915520
1.629332
0.326691
-0.979248
-2.275300
-3.548375
-4.785619
-5.974538
-7.103127
-8.159988
-9.134450
-10.016672
-10.797747
-11.469786
-12.026004
-12.460783
-12.769734
-12.949737
-12.998974
-12.916947
-12.704486
-12.363735
-11.898135
-11.312389
-10.612410
-9.805268
-8.899112
-7.903094
-6.827270
-5.682505
-4.480358
-3.232969
-1.952933
-0.653176
0.653176
1.952933
3.232969
4.480358
5.682505
6.827270
7.903094
8.899112
9.805268
10.612410
11.312389
11.898135
12.363735
12.704486
12.916947
12.998974
12.949737
12.769734
12.460783
12.026004
11.469786
10.797747
10.016672
9.134450
8.159988
7.103127
5.974538
4.785619
3.548375
2.275300
0.979248
-0.326691
-1.629332
-2.915520
-4.172267
-5.386883
-6.547102
-7.641208
-8.658154
-9.587671
-10.420371
-11.147847
-11.762752
-12.258877
-12.631213
-12.875999
-12.990763
-12.974347
-12.826917
-12.549961
-12.146276
-11.619939
-10.976263
-10.221750
-9.364017
-8.411728
-7.374496
-6.262798
-5.087858
-3.861541
-2.596230
-1.304702
0.000000
1.304702
2.596230
3.861541
5.087858
6.262798
7.374496
8.411728
9.364017
10.221750
10.976263
11.619939
12.146276
12.549961
12.826917
12.974347
12.990763
12.875999
12.631213
12.258877
11.762752
11.147847
10.420371
9.587671
8.658154
7.641208
6.547102
5.386883
4.172267
2.915520
1.629332
0.326691
-0.979248
-2.275300
-3.548375
-4.785619
-5.974538
-7.103127
-8.159988
-9.134450
-10.016672
-10.797747
-11.469786
-12.026004
-12.460783
-12.769734
-12.949737
-12.998974
-12.916947
-12.704486
-12.363735
-11.898135
-11.312389
-10.612410
-9.805268
-8.899112
-7.903094
-6.827270
-5.682505
-4.480358
-3.232969
-1.952933
-0.653176
0.653176
1.952933
3.232969
4.480358
5.682505
6.827270
7.903094
8.899112
9.805268
10.612410
11.312389
11.898135
12.363735
12.704486
12.916947
12.998974
12.949737
12.769734
12.460783
12.026004
11.469786
10.797747
10.016672
9.134450
8.159988
7.103127
5.974538
4.785619
3.548375
2.275300
0.979248
-0.326691
-1.629332
-2.915520
-4.172267
-5.386883
-6.547102
-7.641208
-8.658154
-9.587671
-10.420371
-11.147847
-11.762752
-12.258877
-12.631213
-12.875999
-12.990763
-12.974347
-12.826917
-12.549961
-12.146276
-11.619939
-10.976263
-10.221750
-9.364017
-8.411728
-7.374496
-6.262798
-5.087858
-3.861541
-2.596230
-1.304702
