-1.956532
-1.688496
-1.420703
-1.155285
-0.894339
-0.639899
-0.393916
-0.158234
0.065435
0.275525
0.470635
0.649547
0.811234
0.954875
1.079859
1.185790
1.272491
1.340003
1.388578
1.418674
1.430951
1.426250
1.405587
1.370136
1.321208
1.260236
1.188750
1.108360
1.020733
0.927569
0.830577
0.731460
0.631884
0.533465
0.437744
0.346172
0.260093
0.180729
0.109164
0.046341
-0.006955
-0.050096
-0.082617
-0.104221
-0.114769
-0.114286
-0.102949
-0.081081
-0.049142
-0.007715
0.042504
0.100721
0.166061
0.237582
0.314296
0.395179
0.479196
0.565310
0.652505
0.739797
0.826251
0.910993
0.993222
1.072221
1.147366
1.218131
1.284095
1.344944
1.400472
1.450583
1.495283
1.534682
1.568981
1.598472
1.623522
1.644567
1.662100
1.676658
1.688810
1.699144
1.708253
1.716725
1.725125
1.733989
1.743809
1.755022
1.768005
1.783061
1.800420
1.820228
1.842546
1.867349
1.894526
1.923881
1.955138
1.987945
2.021881
2.056467
2.091170
2.125417
2.158607
2.190123
2.219342
2.245651
2.268461
2.287215
2.301406
2.310586
2.314379
2.312489
2.304708
2.290929
2.271145
2.245459
2.214082
2.177336
2.135652
2.089570
2.039727
1.986856
1.931778
1.875387
1.818640
1.762548
1.708156
1.656531
1.608747
1.565863
1.528915
1.498892
1.476722
1.463256
1.459255
1.465372
1.482142
1.509967
1.549112
1.599690
1.661662
1.734829
1.818830
1.913148
2.017104
2.129868
2.250467
2.377789
2.510598
2.647549
2.787198
2.928023
3.068441
3.206826
3.341533
3.470914
3.593340
3.707227
3.811051
3.903372
3.982856
4.048287
4.098590
4.132847
4.150309
4.150408
4.132771
4.097222
4.043793
3.972723
3.884462
3.779666
3.659193
3.524095
3.375613
3.215157
3.044302
2.864761
2.678376
2.487096
2.292952
2.098041
1.904503
1.714491
1.530156
1.353621
1.186954
1.032151
0.891112
0.765622
0.657330
0.567734
0.498163
0.449767
0.423504
0.420129
0.440192
0.484029
0.551763
0.643305
0.758356
0.896413
1.056776
1.238558
1.440701
1.661981
1.901032
2.156357
2.426350
2.709312
3.003470
3.306999
3.618042
3.934730
4.255198
4.577609
4.900173
5.221157
5.538909
5.851870
6.158585
6.457719
6.748061
7.028539
7.298220
7.556316
7.802186
8.035339
8.255428
8.462247
8.655731
8.835941
9.003063
9.157396
9.299338
9.429380
9.548091
9.656103
9.754102
9.842810
9.922977
9.995361
10.060721
10.119801
10.173320
10.221963
10.266366
10.307112
10.344724
10.379655
10.412286
10.442922
10.471789
10.499035
10.524730
10.548867
10.571366
10.592079
10.610794
10.627242
10.641105
10.652021
10.659597
10.663414
10.663038
10.658029
10.647950
10.632377
10.610907
10.583165
10.548817
10.507570
10.459187
10.403486
10.340346
10.269714
10.191607
10.106111
10.013386
9.913662
9.807240
9.694493
9.575856
9.451828
9.322964
9.189872
9.053206
8.913659
8.771955
8.628844
8.485092
8.341476
8.198773
8.057753
7.919174
7.783770
7.652247
7.525276
7.403485
7.287456
7.177717
7.074740
6.978933
6.890644
6.810151
6.737666
6.673330
6.617214
6.569322
6.529587
6.497877
6.473995
6.457684
6.448626
6.446450
6.450735
6.461013
6.476774
6.497473
6.522532
6.551348
6.583296
6.617735
6.654013
6.691473
6.729456
6.767307
6.804382
6.840045
6.873681
6.904693
6.932510
6.956588
6.976414
6.991507
7.001423
7.005756
7.004141
6.996252
6.981807
6.960570
6.932347
6.896991
6.854402
6.804524
6.747350
6.682917
6.611308
6.532651
6.447120
6.354929
6.256336
6.151641
6.041179
5.925327
5.804495
5.679126
5.549696
5.416707
5.280690
5.142196
5.001800
4.860089
4.717670
4.575155
4.433167
4.292329
4.153268
4.016603
3.882949
3.752906
3.627062
3.505985
3.390223
3.280296
3.176695
3.079883
2.990283
2.908284
2.834236
2.768444
2.711171
2.662636
2.623008
2.592413
2.570926
2.558576
2.555343
2.561162
2.575918
2.599456
2.631572
2.672025
2.720530
2.776768
2.840384
2.910988
2.988163
3.071466
3.160428
3.254559
3.353354
3.456289
3.562833
3.672441
3.784565
3.898653
4.014150
4.130504
4.247165
4.363590
4.479243
4.593597
4.706135
4.816353
4.923760
5.027882
5.128257
5.224446
5.316022
5.402582
5.483743
5.559141
5.628437
5.691317
5.747491
5.796697
5.838702
5.873302
5.900327
5.919639
5.931140
5.934766
5.930496
5.918352
5.898400
5.870753
5.835572
5.793071
5.743514
5.687220
5.624564
5.555974
5.481935
5.402989
5.319730
5.232808
5.142923
5.050824
4.957308
4.863210
4.769404
4.676796
4.586316
4.498913
4.415549
4.337187
4.264784
4.199284
4.141607
4.092638
4.053218
4.024134
4.006110
3.999795
4.005753
4.024457
4.056277
4.101471
4.160181
4.232424
4.318089
4.416929
4.528561
4.652462
4.787970
4.934285
5.090471
5.255461
5.428060
5.606956
5.790727
5.977848
6.166709
6.355623
6.542839
6.726562
6.904965
7.076207
7.238451
7.389880
7.528717
7.653239
7.761802
7.852850
7.924938
7.976745
8.007088
8.014938
7.999432
7.959881
7.895782
7.806822
7.692888
7.554063
7.390634
7.203086
6.992098
6.758543
6.503474
6.228117
5.933859
5.622235
5.294910
4.953664
4.600376
4.236998
3.865541
3.488053
3.106592
2.723212
2.339937
1.958740
1.581524
1.210101
0.846172
0.491315
0.146963
-0.185607
-0.505284
-0.811137
-1.102421
-1.378581
-1.639256
-1.884280
-2.113678
-2.327667
-2.526641
-2.711169
-2.881981
-3.039954
-3.186098
-3.321542
-3.447511
-3.565309
-3.676299
-3.781883
-3.883479
-3.982501
-4.080336
-4.178325
-4.277744
-4.379783
-4.485529
-4.595950
-4.711882
-4.834012
-4.962876
-5.098841
-5.242108
-5.392702
-5.550476
-5.715109
-5.886112
-6.062834
-6.244474
-6.430084
-6.618591
-6.808806
-6.999445
-7.189141
-7.376472
-7.559973
-7.738159
-7.909551
-8.072691
-8.226167
-8.368631
-8.498821
-8.615578
-8.717865
-8.804783
-8.875582
-8.929676
-8.966653
-8.986282
-8.988517
-8.973503
-8.941574
-8.893250
-8.829237
-8.750414
-8.657827
-8.552679
-8.436312
-8.310196
-8.175909
-8.035120
-7.889568
-7.741043
-7.591365
-7.442358
-7.295836
-7.153575
-7.017295
-6.888638
-6.769153
-6.660274
-6.563305
-6.479404
-6.409576
-6.354654
-6.315298
-6.291984
-6.285002
-6.294457
-6.320266
-6.362163
-6.419705
-6.492281
-6.579119
-6.679302
-6.791778
-6.915378
-7.048828
-7.190775
-7.339797
-7.494428
-7.653173
-7.814532
-7.977017
-8.139171
-8.299586
-8.456924
-8.609926
-8.757435
-8.898403
-9.031906
-9.157153
-9.273493
-9.380424
-9.477591
-9.564793
-9.641982
-9.709256
-9.766859
-9.815175
-9.854715
-9.886114
-9.910112
-9.927550
-9.939347
-9.946492
-9.950028
-9.951033
-9.950605
-9.949847
-9.949851
-9.951681
-9.956360
-9.964851
-9.978052
-9.996776
-10.021743
-10.053574
-10.092776
-10.139744
-10.194748
-10.257937
-10.329333
-10.408834
-10.496214
-10.591130
-10.693121
-10.801622
-10.915965
-11.035391
-11.159061
-11.286065
-11.415432
-11.546145
-11.677152
-11.807377
-11.935734
-12.061141
-12.182528
-12.298851
-12.409102
-12.512322
-12.607606
-12.694115
-12.771081
-12.837815
-12.893713
-12.938259
-12.971027
-12.991687
-13.000000
-12.995823
-12.979106
-12.949889
-12.908298
-12.854545
-12.788919
-12.711786
-12.623577
-12.524786
-12.415963
-12.297708
-12.170662
-12.035503
-11.892935
-11.743688
-11.588507
-11.428146
-11.263365
-11.094921
-10.923567
-10.750045
-10.575081
-10.399385
-10.223645
-10.048521
-9.874651
-9.702641
-9.533064
-9.366464
-9.203348
-9.044186
-8.889414
-8.739428
-8.594585
-8.455200
-8.321550
-8.193866
-8.072337
-7.957104
-7.848265
-7.745866
-7.649906
-7.560332
-7.477039
-7.399866
-7.328599
-7.262966
-7.202640
-7.147233
-7.096301
-7.049343
-7.005799
-6.965055
-6.926441
-6.889239
-6.852680
-6.815953
-6.778206
-6.738554
-6.696086
-6.649870
-6.598960
-6.542407
-6.479268
-6.408614
-6.329540
-6.241177
-6.142703
-6.033352
-5.912425
-5.779303
-5.633455
-5.474450
-5.301963
-5.115788
-4.915844
-4.702179
-4.474981
-4.234576
-3.981438
-3.716183
-3.439574
-3.152516
-2.856055
-2.551370
-2.239769
-1.922677
-1.601628
-1.278252
-0.954263
-0.631443
-0.311624
0.003324
0.311514
0.611062
0.900102
1.176809
1.439416
1.686235
1.915674
2.126253
2.316628
2.485600
2.632130
2.755356
2.854602
2.929386
2.979427
3.004653
3.005200
2.981415
2.933853
2.863270
2.770622
2.657048
2.523865
2.372552
2.204736
2.022171
1.826722
1.620348
1.405072
1.182968
0.956133
0.726665
0.496643
0.268098
0.042999
-0.176777
-0.389457
-0.593395
-0.787090
-0.969198
-1.138547
-1.294146
-1.435198
-1.561101
-1.671452
-1.766052
-1.844900
-1.908191
-1.956308
-1.989811
-2.009432
-2.016052
-2.010694
-1.994500
-1.968715
-1.934666
-1.893742
-1.847372
-1.797003
-1.744079
-1.690018
-1.636195
-1.583917
-1.534406
-1.488784
-1.448056
-1.413092
-1.384623
-1.363226
-1.349320
-1.343157
-1.344826
-1.354248
-1.371185
-1.395239
-1.425863
-1.462374
-1.503958
-1.549692
-1.598556
-1.649449
-1.701210
-1.752639
-1.802512
-1.849605
-1.892714
-1.930676
-1.962385
-1.986815
-2.003033
-2.010220
-2.007682
-1.994862
-1.971354
-1.936905
-1.891429
-1.835003
-1.767870
-1.690441
-1.603285
-1.507126
-1.402834
-1.291410
-1.173978
-1.051768
-0.926096
-0.798352
-0.669975
-0.542435
-0.417215
-0.295786
-0.179590
-0.070016
0.031617
0.124078
0.206244
0.277116
0.335828
0.381664
0.414069
0.432650
0.437188
0.427637
0.404125
0.366952
0.316584
0.253646
0.178915
0.093301
-0.002159
-0.106320
-0.217949
-0.335739
-0.458330
-0.584331
-0.712341
-0.840967
-0.968847
-1.094668
-1.217189
-1.335257
-1.447821
-1.553954
-1.652858
-1.743884
-1.826534
-1.900468
-1.965515
-2.021664
-2.069072
-2.108055
-2.139082
-2.162769
-2.179866
-2.191243
-2.197877
-2.200834
-2.201250
-2.200310
-2.199232
-2.199242
-2.201554
-2.207346
-2.217744
-2.233797
-2.256459
-2.286574
-2.324853
-2.371866
-2.428024
-2.493574
-2.568585
-2.652951
-2.746378
-2.848393
-2.958343
-3.075401
-3.198575
-3.326717
-3.458539
-3.592627
-3.727460
-3.861426
-3.992849
-4.120003
-4.241145
-4.354528
-4.458436
-4.551199
-4.631222
-4.697005
-4.747165
-4.780460
-4.795804
-4.792282
-4.769170
-4.725945
-4.662293
-4.578116
-4.473538
-4.348906
-4.204787
-4.041963
-3.861425
-3.664360
-3.452143
-3.226316
-2.988574
-2.740745
-2.484766
-2.222665
