-3.485254
0.558765
-6.896293
-7.589303
0.889317
-5.946238
-1.843428
3.574849
4.251398
7.120790
-4.654395
3.949682
1.499672
5.774131
1.014999
3.758310
5.253090
-1.898115
-2.125653
-6.127327
-0.403403
1.638716
-3.426100
0.332084
-1.643130
-1.990233
3.592945
3.763510
5.294038
-5.002002
-0.627566
3.020176
-5.963257
8.882869
1.075363
-2.512722
4.761586
1.738717
0.503701
-3.135879
-8.139007
-4.442346
-2.976567
2.086293
2.833028
-3.620480
3.818149
3.077000
-0.578598
-4.385460
4.112581
-0.598057
-4.672481
1.163121
2.413891
-6.738566
8.604709
-9.907797
-7.538948
5.643108
1.499153
-1.977422
0.053462
3.371605
-4.001854
4.279104
3.214847
-0.208157
0.881543
-2.898792
-3.949253
-1.792086
4.741743
-1.105185
-2.082121
-4.514726
-5.225544
0.101984
4.795827
5.677524
2.582601
-1.424764
-1.694769
1.685683
4.321883
4.491566
-9.768897
-0.214217
-4.457160
-2.172604
7.999937
-3.584655
-7.762829
0.816150
-0.573880
-1.915837
4.054576
2.610026
1.733094
-1.276843
1.614063
-1.343016
0.857878
2.658302
1.565925
-3.101942
-2.475800
-4.795450
4.597790
-0.120117
-3.028970
3.124618
-2.355104
2.056220
6.992156
4.323347
-0.738400
-0.524829
8.930753
-0.787436
1.388480
1.502909
4.263784
0.992559
1.688523
1.485216
12.397141
4.038949
-4.040891
-5.612808
-7.444912
8.483342
-3.775502
4.574053
2.461066
-7.038686
9.326009
2.546256
8.391421
1.579697
0.827834
-4.699374
0.173345
0.632181
-7.012523
-0.087220
0.752618
-3.324728
1.893009
-5.590606
-2.645141
0.485891
-2.789681
1.944604
-1.672662
-4.029942
4.294937
2.766380
2.634150
3.158571
4.653742
4.568222
0.155324
-2.075885
-0.510160
5.706913
-5.522507
-2.602031
4.809976
3.900330
-2.284576
-0.953494
-0.718269
-1.269671
-11.264137
-1.970091
1.424864
11.302523
-6.743169
-2.930044
-1.777149
-4.344192
-3.106303
-8.871362
-0.518280
-2.390490
2.466435
0.264668
4.913748
7.472099
0.561783
-5.707753
1.125495
6.446404
-0.440162
1.787061
-4.455010
6.957817
1.861785
-1.946202
-7.717771
-3.170188
-4.735644
-2.270843
1.598894
3.823572
0.717514
0.385947
1.727100
12.232085
1.533915
0.648997
7.274309
0.412843
-3.102664
4.296318
-1.649986
0.931751
4.039786
3.724893
-7.391867
-10.889792
-3.235055
7.615787
1.083759
-0.699627
-0.718695
4.786262
1.523633
2.193616
-9.637862
-0.802355
0.088463
-3.964993
-0.105804
-2.776870
4.010517
-2.631623
6.014977
-0.196603
4.128675
10.533895
0.308095
6.890521
-4.944393
8.406185
-5.571233
-0.301476
-1.506817
-5.297941
-6.030478
2.980026
-6.404659
-6.180963
5.204450
0.007820
1.750461
-4.155419
-0.907283
1.415096
0.772027
8.243598
-2.877214
-0.691366
3.836770
4.370994
-9.099543
-1.806682
-3.119849
-0.073862
2.375116
2.050803
5.259895
2.063948
1.454277
4.359470
1.976270
-6.106849
0.506311
-7.628781
5.120543
-9.717897
-2.534919
0.434571
-0.176205
8.680879
0.255691
-2.830224
2.706329
-5.563303
2.514143
1.156867
-1.810688
-2.867806
-5.488467
-8.660314
-1.954810
3.583327
-3.291420
7.305681
-4.095391
9.869889
-3.191156
0.457792
6.615696
5.686362
-3.492976
3.405074
-5.137551
-7.864586
3.048164
-7.974186
-9.857182
-0.276838
6.388464
5.614509
-6.892648
0.171887
3.701484
4.489767
7.195467
7.313103
3.947798
-6.567309
0.183040
-6.361821
5.684840
8.031513
-9.227514
3.851900
-1.580499
-2.203554
-4.099033
5.824800
1.766676
-0.548015
1.923639
4.671267
-4.008745
-3.663724
3.174209
7.310444
5.763712
-0.532968
-6.139872
-10.801061
-4.271745
5.207657
-2.531648
1.308091
0.980979
-10.155422
5.767835
9.334518
-0.179326
4.603780
-3.491543
2.748414
9.788689
6.047461
-3.226948
-4.700734
0.244876
-1.092732
-0.289232
5.860207
1.019517
7.671663
-0.198058
-0.614257
3.656897
1.965249
-0.967713
-7.321906
-5.146861
2.843893
2.505539
-6.767456
0.552815
2.440493
-5.418241
-4.602082
5.504905
-8.085090
2.058639
4.509160
-8.258252
-0.600212
-5.418209
0.414753
-1.946316
-7.611316
2.849027
2.748484
-2.851188
2.433669
-6.197724
-5.692651
-5.317716
-0.504036
-2.416701
8.811679
-0.327821
2.590235
2.646649
1.713807
0.883768
5.735619
-5.367138
7.539101
3.164193
-5.299490
5.118170
5.451986
7.871312
-1.937785
7.558040
1.214672
-6.747111
-3.578389
4.285228
8.266092
-5.454697
-0.512555
-3.027894
8.666158
-4.131211
6.138655
-2.879476
3.580731
-6.105221
6.916741
-10.156066
1.486893
1.940961
-3.783687
-4.455675
2.809284
-4.777256
-0.130184
-13.000000
-9.594284
-0.206326
5.154119
-7.604723
3.128866
2.278984
-2.713023
-0.110300
10.102633
-6.457113
2.213408
0.956873
1.484911
-0.027111
1.297291
-1.158752
-7.807374
-2.692496
1.080854
1.193085
2.783043
10.239340
-7.626056
3.136904
0.626215
-0.175134
-3.195578
-0.587930
3.136679
1.964982
-7.402635
4.177913
1.150338
8.732980
-5.128411
-3.328837
-8.078125
0.016654
4.587924
-2.208197
-2.393218
-1.358473
-0.740185
4.718727
0.073280
-2.225199
2.926046
-6.290483
2.759846
-0.952020
9.863143
-2.991233
1.952892
0.543396
-4.982724
4.036450
-10.263849
-8.972177
-6.037638
3.485254
-0.558765
6.896293
7.589303
-0.889317
5.946238
1.843428
-3.574849
-4.251398
-7.120790
4.654395
-3.949682
-1.499672
-5.774131
-1.014999
-3.758310
-5.253090
1.898115
2.125653
6.127327
0.403403
-1.638716
3.426100
-0.332084
1.643130
1.990233
-3.592945
-3.763510
-5.294038
5.002002
0.627566
-3.020176
5.963257
-8.882869
-1.075363
2.512722
-4.761586
-1.738717
-0.503701
3.135879
8.139007
4.442346
2.976567
-2.086293
-2.833028
3.620480
-3.818149
-3.077000
0.578598
4.385460
-4.112581
0.598057
4.672481
-1.163121
-2.413891
6.738566
-8.604709
9.907797
7.538948
-5.643108
-1.499153
1.977422
-0.053462
-3.371605
4.001854
-4.279104
-3.214847
0.208157
-0.881543
2.898792
3.949253
1.792086
-4.741743
1.105185
2.082121
4.514726
5.225544
-0.101984
-4.795827
-5.677524
-2.582601
1.424764
1.694769
-1.685683
-4.321883
-4.491566
9.768897
0.214217
4.457160
2.172604
-7.999937
3.584655
7.762829
-0.816150
0.573880
1.915837
-4.054576
-2.610026
-1.733094
1.276843
-1.614063
1.343016
-0.857878
-2.658302
-1.565925
3.101942
2.475800
4.795450
-4.597790
0.120117
3.028970
-3.124618
2.355104
-2.056220
-6.992156
-4.323347
0.738400
0.524829
-8.930753
0.787436
-1.388480
-1.502909
-4.263784
-0.992559
-1.688523
-1.485216
-12.397141
-4.038949
4.040891
5.612808
7.444912
-8.483342
3.775502
-4.574053
-2.461066
7.038686
-9.326009
-2.546256
-8.391421
-1.579697
-0.827834
4.699374
-0.173345
-0.632181
7.012523
0.087220
-0.752618
3.324728
-1.893009
5.590606
2.645141
-0.485891
2.789681
-1.944604
1.672662
4.029942
-4.294937
-2.766380
-2.634150
-3.158571
-4.653742
-4.568222
-0.155324
2.075885
0.510160
-5.706913
5.522507
2.602031
-4.809976
-3.900330
2.284576
0.953494
0.718269
1.269671
11.264137
1.970091
-1.424864
-11.302523
6.743169
2.930044
1.777149
4.344192
3.106303
8.871362
0.518280
2.390490
-2.466435
-0.264668
-4.913748
-7.472099
-0.561783
5.707753
-1.125495
-6.446404
0.440162
-1.787061
4.455010
-6.957817
-1.861785
1.946202
7.717771
3.170188
4.735644
2.270843
-1.598894
-3.823572
-0.717514
-0.385947
-1.727100
-12.232085
-1.533915
-0.648997
-7.274309
-0.412843
3.102664
-4.296318
1.649986
-0.931751
-4.039786
-3.724893
7.391867
10.889792
3.235055
-7.615787
-1.083759
0.699627
0.718695
-4.786262
-1.523633
-2.193616
9.637862
0.802355
-0.088463
3.964993
0.105804
2.776870
-4.010517
2.631623
-6.014977
0.196603
-4.128675
-10.533895
-0.308095
-6.890521
4.944393
-8.406185
5.571233
0.301476
1.506817
5.297941
6.030478
-2.980026
6.404659
6.180963
-5.204450
-0.007820
-1.750461
4.155419
0.907283
-1.415096
-0.772027
-8.243598
2.877214
0.691366
-3.836770
-4.370994
9.099543
1.806682
3.119849
0.073862
-2.375116
-2.050803
-5.259895
-2.063948
-1.454277
-4.359470
-1.976270
6.106849
-0.506311
7.628781
-5.120543
9.717897
2.534919
-0.434571
0.176205
-8.680879
-0.255691
2.830224
-2.706329
5.563303
-2.514143
-1.156867
1.810688
2.867806
5.488467
8.660314
1.954810
-3.583327
3.291420
-7.305681
4.095391
-9.869889
3.191156
-0.457792
-6.615696
-5.686362
3.492976
-3.405074
5.137551
7.864586
-3.048164
7.974186
9.857182
0.276838
-6.388464
-5.614509
6.892648
-0.171887
-3.701484
-4.489767
-7.195467
-7.313103
-3.947798
6.567309
-0.183040
6.361821
-5.684840
-8.031513
9.227514
-3.851900
1.580499
2.203554
4.099033
-5.824800
-1.766676
0.548015
-1.923639
-4.671267
4.008745
3.663724
-3.174209
-7.310444
-5.763712
0.532968
6.139872
10.801061
4.271745
-5.207657
2.531648
-1.308091
-0.980979
10.155422
-5.767835
-9.334518
0.179326
-4.603780
3.491543
-2.748414
-9.788689
-6.047461
3.226948
4.700734
-0.244876
1.092732
0.289232
-5.860207
-1.019517
-7.671663
0.198058
0.614257
-3.656897
-1.965249
0.967713
7.321906
5.146861
-2.843893
-2.505539
6.767456
-0.552815
-2.440493
5.418241
4.602082
-5.504905
8.085090
-2.058639
-4.509160
8.258252
0.600212
5.418209
-0.414753
1.946316
7.611316
-2.849027
-2.748484
2.851188
-2.433669
6.197724
5.692651
5.317716
0.504036
2.416701
-8.811679
0.327821
-2.590235
-2.646649
-1.713807
-0.883768
-5.735619
5.367138
-7.539101
-3.164193
5.299490
-5.118170
-5.451986
-7.871312
1.937785
-7.558040
-1.214672
6.747111
3.578389
-4.285228
-8.266092
5.454697
0.512555
3.027894
-8.666158
4.131211
-6.138655
2.879476
-3.580731
6.105221
-6.916741
10.156066
-1.486893
-1.940961
3.783687
4.455675
-2.809284
4.777256
0.130184
13.000000
9.594284
0.206326
-5.154119
7.604723
-3.128866
-2.278984
2.713023
0.110300
-10.102633
6.457113
-2.213408
-0.956873
-1.484911
0.027111
-1.297291
1.158752
7.807374
2.692496
-1.080854
-1.193085
-2.783043
-10.239340
7.626056
-3.136904
-0.626215
0.175134
3.195578
0.587930
-3.136679
-1.964982
7.402635
-4.177913
-1.150338
-8.732980
5.128411
3.328837
8.078125
-0.016654
-4.587924
2.208197
2.393218
1.358473
0.740185
-4.718727
-0.073280
2.225199
-2.926046
6.290483
-2.759846
0.952020
-9.863143
2.991233
-1.952892
-0.543396
4.982724
-4.036450
10.263849
8.972177
6.037638
